Date,Country,Region,Isolated,IntensiveCare,TotalHospitalized,Hospitalized,Infected,Deceased
2020-04-05T18:00:00,FRA,Auvergne-Rhône-Alpes,-1712,290,1712,1422,0,134
2020-04-05T18:00:00,FRA,Bourgogne-Franche-Comté,-845,166,845,679,0,123
2020-04-05T18:00:00,FRA,Bretagne,-247,45,247,202,0,29
2020-04-05T18:00:00,FRA,Centre-Val de Loire,-267,69,267,198,0,20
2020-04-05T18:00:00,FRA,Corse,-108,13,108,95,0,19
2020-04-05T18:00:00,FRA,Grand Est,-3615,636,3615,2979,0,584
2020-04-05T18:00:00,FRA,Guadeloupe,-28,7,28,21,0,0
2020-04-05T18:00:00,FRA,Hauts-de-France,-1190,271,1190,919,0,150
2020-04-05T18:00:00,FRA,Île-de-France,-6401,1269,6401,5132,0,460
2020-04-05T18:00:00,FRA,Martinique,-40,11,40,29,0,1
2020-04-05T18:00:00,FRA,Normandie,-348,75,348,273,0,20
2020-04-05T18:00:00,FRA,Nouvelle-Aquitaine,-495,96,495,399,0,34
2020-04-05T18:00:00,FRA,Occitanie,-728,177,728,551,0,54
2020-04-05T18:00:00,FRA,Pays de la Loire,-341,59,341,282,0,24
2020-04-05T18:00:00,FRA,Provence-Alpes-Côte d'Azur,-859,164,859,695,0,44
2020-04-05T18:00:00,CHE,Aargau,349,0,0,0,349,2
2020-04-05T18:00:00,CHE,Appenzell Ausserrhoden,43,0,0,0,43,2
2020-04-05T18:00:00,CHE,Appenzell Innerrhoden,11,0,0,0,11,0
2020-04-05T18:00:00,CHE,Baselland,422,0,0,0,422,5
2020-04-05T18:00:00,CHE,Basel-Stadt,505,0,0,0,505,12
2020-04-05T18:00:00,CHE,Bern,660,0,0,0,660,7
2020-04-05T18:00:00,CHE,Fribourg,309,0,0,0,309,11
2020-04-05T18:00:00,CHE,Genève,1743,0,0,0,1743,21
2020-04-05T18:00:00,CHE,Glarus,43,0,0,0,43,0
2020-04-05T18:00:00,CHE,Graubünden,373,0,0,0,373,9
2020-04-05T18:00:00,CHE,Jura,99,0,0,0,99,0
2020-04-05T18:00:00,CHE,Luzern,253,0,0,0,253,3
2020-04-05T18:00:00,CHE,Neuchatel,271,0,0,0,271,5
2020-04-05T18:00:00,CHE,Nidwalden,48,0,0,0,48,0
2020-04-05T18:00:00,CHE,Obwalden,27,0,0,0,27,0
2020-04-05T18:00:00,CHE,Schaffhausen,36,0,0,0,36,0
2020-04-05T18:00:00,CHE,Schwyz,99,0,0,0,99,1
2020-04-05T18:00:00,CHE,Solothurn,141,0,0,0,141,1
2020-04-05T18:00:00,CHE,St.Gallen,280,0,0,0,280,2
2020-04-05T18:00:00,CHE,Thurgau,110,0,0,0,110,1
2020-04-05T18:00:00,CHE,Ticino,1401,0,0,0,1401,67
2020-04-05T18:00:00,CHE,Uri,38,0,0,0,38,0
2020-04-05T18:00:00,CHE,Valais,715,0,0,0,715,15
2020-04-05T18:00:00,CHE,Vaud,2215,0,0,0,2215,21
2020-04-05T18:00:00,CHE,Zug,94,0,0,0,94,0
2020-04-05T18:00:00,CHE,Zürich,1578,0,0,0,1578,11
2020-04-05T18:00:00,MLT,Malta,227,0,0,0,227,0
2020-04-05T18:00:00,FIN,Ahvenanmaa,7,0,0,0,7,0
2020-04-05T18:00:00,FIN,Etelä-Karjala,9,0,0,0,9,0
2020-04-05T18:00:00,FIN,Etelä-Pohjanmaa,21,0,0,0,21,0
2020-04-05T18:00:00,FIN,Etelä-Savo,29,0,0,0,29,0
2020-04-05T18:00:00,FIN,HUS,1015,0,0,0,1015,0
2020-04-05T18:00:00,FIN,Itä-Savo,3,0,0,0,3,0
2020-04-05T18:00:00,FIN,Kainuu,8,0,0,0,8,0
2020-04-05T18:00:00,FIN,Kanta-Häme,23,0,0,0,23,0
2020-04-05T18:00:00,FIN,Keski-Pohjanmaa,7,0,0,0,7,0
2020-04-05T18:00:00,FIN,Keski-Suomi,54,0,0,0,54,0
2020-04-05T18:00:00,FIN,Kymenlaakso,12,0,0,0,12,0
2020-04-05T18:00:00,FIN,Länsi-Pohja,9,0,0,0,9,0
2020-04-05T18:00:00,FIN,Lappi,26,0,0,0,26,0
2020-04-05T18:00:00,FIN,NOT SPECIFIED,1025,0,0,0,1025,0
2020-04-05T18:00:00,FIN,Päijät-Häme,37,0,0,0,37,0
2020-04-05T18:00:00,FIN,Pirkanmaa,111,0,0,0,111,0
2020-04-05T18:00:00,FIN,Pohjois-Karjala,10,0,0,0,10,0
2020-04-05T18:00:00,FIN,Pohjois-Pohjanmaa,66,0,0,0,66,0
2020-04-05T18:00:00,FIN,Pohjois-Savo,43,0,0,0,43,0
2020-04-05T18:00:00,FIN,Satakunta,24,0,0,0,24,0
2020-04-05T18:00:00,FIN,Unknown,20,0,0,0,20,0
2020-04-05T18:00:00,FIN,Vaasa,21,0,0,0,21,0
2020-04-05T18:00:00,FIN,Varsinais-Suomi,80,0,0,0,80,0
2020-04-05T18:00:00,FIN,West North,2,0,0,0,2,0
2020-04-05T18:00:00,EST,Estonia,1018,0,0,0,1018,13
2020-04-05T18:00:00,DNK,Faroe,181,0,0,0,181,0
2020-04-05T18:00:00,DNK,Greenland,10,0,0,0,10,0
2020-04-05T18:00:00,DNK,Mainland,4369,0,0,0,4369,179
2020-04-05T18:00:00,CZE,Jihoceský,120,0,0,0,120,0
2020-04-05T18:00:00,CZE,Jihomoravský,277,0,0,0,277,0
2020-04-05T18:00:00,CZE,Karlovarský,158,0,0,0,158,0
2020-04-05T18:00:00,CZE,Královéhradecký,138,0,0,0,138,0
2020-04-05T18:00:00,CZE,Liberecký,150,0,0,0,150,0
2020-04-05T18:00:00,CZE,Moravskoslezský,440,0,0,0,440,0
2020-04-05T18:00:00,CZE,NOT SPECIFIED,0,0,0,0,0,53
2020-04-05T18:00:00,CZE,Olomoucký,402,0,0,0,402,0
2020-04-05T18:00:00,CZE,Pardubický,176,0,0,0,176,0
2020-04-05T18:00:00,CZE,Plzenský,241,0,0,0,241,0
2020-04-05T18:00:00,CZE,Prague,1147,0,0,0,1147,0
2020-04-05T18:00:00,CZE,Stredoceský,551,0,0,0,551,0
2020-04-05T18:00:00,CZE,Unknown,120,0,0,0,120,0
2020-04-05T18:00:00,CZE,Ústecký,294,0,0,0,294,0
2020-04-05T18:00:00,CZE,Vysocina,135,0,0,0,135,0
2020-04-05T18:00:00,CZE,Zlínský,194,0,0,0,194,0
2020-04-05T18:00:00,CYP,Cyprus,426,0,0,0,426,11
2020-04-05T18:00:00,HRV,Bjelovarsko-bilogorska,9,0,0,0,9,0
2020-04-05T18:00:00,HRV,Brodsko-Posavska,15,0,0,0,15,1
2020-04-05T18:00:00,HRV,Dubrovačko-neretvanska,62,0,0,0,62,1
2020-04-05T18:00:00,HRV,Grad Zagreb,331,0,0,0,331,4
2020-04-05T18:00:00,HRV,Istarska,75,0,0,0,75,2
2020-04-05T18:00:00,HRV,Karlovačka,21,0,0,0,21,1
2020-04-05T18:00:00,HRV,Koprivničko-križevačka,16,0,0,0,16,0
2020-04-05T18:00:00,HRV,Krapinsko-zagorska županija,80,0,0,0,80,0
2020-04-05T18:00:00,HRV,Ličko-senjska,2,0,0,0,2,0
2020-04-05T18:00:00,HRV,Međimurska,4,0,0,0,4,0
2020-04-05T18:00:00,HRV,Osječko-baranjska,77,0,0,0,77,5
2020-04-05T18:00:00,HRV,Požeško-slavonska,3,0,0,0,3,0
2020-04-05T18:00:00,HRV,Primorsko-Goranska,66,0,0,0,66,0
2020-04-05T18:00:00,HRV,Šibensko-kninska,35,0,0,0,35,0
2020-04-05T18:00:00,HRV,Sisačko-moslavačka,20,0,0,0,20,0
2020-04-05T18:00:00,HRV,Splitsko-Dalmatinska,165,0,0,0,165,0
2020-04-05T18:00:00,HRV,Unknow,1,0,0,0,1,0
2020-04-05T18:00:00,HRV,Varaždinska,31,0,0,0,31,0
2020-04-05T18:00:00,HRV,Virovitičko-podravska,4,0,0,0,4,0
2020-04-05T18:00:00,HRV,Vukovarsko-srijemska,21,0,0,0,21,0
2020-04-05T18:00:00,HRV,Zadarska,52,0,0,0,52,1
2020-04-05T18:00:00,HRV,Zagrebačka,93,0,0,0,93,0
2020-04-05T18:00:00,BIH,Bosnia and Herzegovina,320,0,0,0,320,14
2020-04-05T18:00:00,BLR,Belarus,394,0,0,0,394,5
2020-04-05T18:00:00,AND,Andorra,466,0,0,0,466,17
2020-04-05T18:00:00,UKR,Cherkasy,60,0,0,0,60,0
2020-04-05T18:00:00,UKR,Chernihiv,7,0,0,0,7,0
2020-04-05T18:00:00,UKR,Chernivtsi,220,0,0,0,220,0
2020-04-05T18:00:00,UKR,Dnipropetrovsk,14,0,0,0,14,0
2020-04-05T18:00:00,UKR,Donetsk,8,0,0,0,8,0
2020-04-05T18:00:00,UKR,Ivano-Frankivsk,105,0,0,0,105,0
2020-04-05T18:00:00,UKR,Kharkiv,1,0,0,0,1,0
2020-04-05T18:00:00,UKR,Kherson,10,0,0,0,10,0
2020-04-05T18:00:00,UKR,Khmelnytsky,10,0,0,0,10,0
2020-04-05T18:00:00,UKR,Kiev region,82,0,0,0,82,0
2020-04-05T18:00:00,UKR,Kirovograd,37,0,0,0,37,0
2020-04-05T18:00:00,UKR,Kyiv,225,0,0,0,225,0
2020-04-05T18:00:00,UKR,Lugansk,3,0,0,0,3,0
2020-04-05T18:00:00,UKR,Lviv,15,0,0,0,15,0
2020-04-05T18:00:00,UKR,Mykolaiv,1,0,0,0,1,0
2020-04-05T18:00:00,UKR,NOT SPECIFIED,0,0,0,0,0,32
2020-04-05T18:00:00,UKR,Odessa,26,0,0,0,26,0
2020-04-05T18:00:00,UKR,Poltava,9,0,0,0,9,0
2020-04-05T18:00:00,UKR,Rivne,38,0,0,0,38,0
2020-04-05T18:00:00,UKR,Sumy,49,0,0,0,49,0
2020-04-05T18:00:00,UKR,Ternopil,160,0,0,0,160,0
2020-04-05T18:00:00,UKR,Transcarpathian,28,0,0,0,28,0
2020-04-05T18:00:00,UKR,Vinnytsia,75,0,0,0,75,0
2020-04-05T18:00:00,UKR,Volyn,19,0,0,0,19,0
2020-04-05T18:00:00,UKR,Zaporizhzhia,39,0,0,0,39,0
2020-04-05T18:00:00,UKR,Zhytomyr,11,0,0,0,11,0
2020-04-05T18:00:00,TUR,Turkey,23934,0,0,0,23934,501
2020-04-05T18:00:00,SWE,Blekinge,30,0,0,0,30,0
2020-04-05T18:00:00,SWE,Dalarna,163,0,0,0,163,0
2020-04-05T18:00:00,SWE,Gävleborg,163,0,0,0,163,0
2020-04-05T18:00:00,SWE,Gotland,12,0,0,0,12,0
2020-04-05T18:00:00,SWE,Halland,126,0,0,0,126,0
2020-04-05T18:00:00,SWE,Jämtland,86,0,0,0,86,0
2020-04-05T18:00:00,SWE,Jönköping,199,0,0,0,199,0
2020-04-05T18:00:00,SWE,Kalmar,47,0,0,0,47,0
2020-04-05T18:00:00,SWE,Kronoberg,49,0,0,0,49,0
2020-04-05T18:00:00,SWE,Norrbotten,74,0,0,0,74,0
2020-04-05T18:00:00,SWE,NOT SPECIFIED,-520,520,520,0,0,373
2020-04-05T18:00:00,SWE,Örebro,166,0,0,0,166,0
2020-04-05T18:00:00,SWE,Östergötland,584,0,0,0,584,0
2020-04-05T18:00:00,SWE,Skåne,322,0,0,0,322,0
2020-04-05T18:00:00,SWE,Södermanland,412,0,0,0,412,0
2020-04-05T18:00:00,SWE,Stockholm,2849,0,0,0,2849,0
2020-04-05T18:00:00,SWE,Uppsala,274,0,0,0,274,0
2020-04-05T18:00:00,SWE,Värmland,53,0,0,0,53,0
2020-04-05T18:00:00,SWE,Västerbotten,97,0,0,0,97,0
2020-04-05T18:00:00,SWE,Västernorrland,61,0,0,0,61,0
2020-04-05T18:00:00,SWE,Västmanland,139,0,0,0,139,0
2020-04-05T18:00:00,SWE,Västra Götaland,537,0,0,0,537,0
2020-04-05T18:00:00,SVN,Gorenjske,63,0,0,0,63,0
2020-04-05T18:00:00,SVN,Goriške,17,0,0,0,17,0
2020-04-05T18:00:00,SVN,Jugovzhodne,109,0,0,0,109,0
2020-04-05T18:00:00,SVN,Koroške,37,0,0,0,37,0
2020-04-05T18:00:00,SVN,Obalno-kraške,19,0,0,0,19,0
2020-04-05T18:00:00,SVN,Osrednjeslovenske,316,0,0,0,316,0
2020-04-05T18:00:00,SVN,Podravske,66,0,0,0,66,0
2020-04-05T18:00:00,SVN,"Podravske,",78,0,0,0,78,0
2020-04-05T18:00:00,SVN,Pomurske,80,0,0,0,80,0
2020-04-05T18:00:00,SVN,Posavske,10,0,0,0,10,0
2020-04-05T18:00:00,SVN,Primorsko-notranjske,29,0,0,0,29,0
2020-04-05T18:00:00,SVN,Savinjske,214,0,0,0,214,0
2020-04-05T18:00:00,SVN,Slovenia,730,0,0,0,730,12
2020-04-05T18:00:00,SVN,Zasavske,19,0,0,0,19,0
2020-04-05T18:00:00,SVK,Banská Bystrica,18,0,0,0,18,0
2020-04-05T18:00:00,SVK,Bratislava,157,0,0,0,157,0
2020-04-05T18:00:00,SVK,Košice,19,0,0,0,19,0
2020-04-05T18:00:00,SVK,Nitra,31,0,0,0,31,0
2020-04-05T18:00:00,SVK,Prešov,30,0,0,0,30,0
2020-04-05T18:00:00,SVK,Trencín,55,0,0,0,55,0
2020-04-05T18:00:00,SVK,Trnava,39,0,0,0,39,0
2020-04-05T18:00:00,SVK,Unknown,3,0,0,0,3,0
2020-04-05T18:00:00,SVK,Zilina,48,0,0,0,48,0
2020-04-05T18:00:00,SRB,Serbia,1624,0,0,0,1624,44
2020-04-05T18:00:00,SMR,San Marino,259,0,0,0,259,32
2020-04-05T18:00:00,SMR,San_Marino,245,0,0,0,245,30
2020-04-05T18:00:00,RUS,Adygea,5,0,0,0,5,0
2020-04-05T18:00:00,RUS,Altai,4,0,0,0,4,0
2020-04-05T18:00:00,RUS,Amur,1,0,0,0,1,0
2020-04-05T18:00:00,RUS,Arkhangelsk,7,0,0,0,7,0
2020-04-05T18:00:00,RUS,Astrakhan,2,0,0,0,2,0
2020-04-05T18:00:00,RUS,Bashkortostan,10,0,0,0,10,0
2020-04-05T18:00:00,RUS,Belgorod,6,0,0,0,6,0
2020-04-05T18:00:00,RUS,Bryansk,5,0,0,0,5,0
2020-04-05T18:00:00,RUS,Buryatia,30,0,0,0,30,0
2020-04-05T18:00:00,RUS,Chechnya,10,0,0,0,10,0
2020-04-05T18:00:00,RUS,Chelyabinsk,21,0,0,0,21,0
2020-04-05T18:00:00,RUS,Chuvashia,1,0,0,0,1,0
2020-04-05T18:00:00,RUS,Dagestan,25,0,0,0,25,0
2020-04-05T18:00:00,RUS,Irkutsk,7,0,0,0,7,0
2020-04-05T18:00:00,RUS,Ivanovo,11,0,0,0,11,0
2020-04-05T18:00:00,RUS,Kabardino-Balkaria,8,0,0,0,8,0
2020-04-05T18:00:00,RUS,Kaliningrad,19,0,0,0,19,0
2020-04-05T18:00:00,RUS,Kalmykia,2,0,0,0,2,0
2020-04-05T18:00:00,RUS,Kaluga,4,0,0,0,4,0
2020-04-05T18:00:00,RUS,Kemerovo,3,0,0,0,3,0
2020-04-05T18:00:00,RUS,Khabarovsk,9,0,0,0,9,0
2020-04-05T18:00:00,RUS,Khakassia,3,0,0,0,3,0
2020-04-05T18:00:00,RUS,Khanty-Mansi AO,8,0,0,0,8,0
2020-04-05T18:00:00,RUS,Kirov,12,0,0,0,12,0
2020-04-05T18:00:00,RUS,Komi Republic,56,0,0,0,56,0
2020-04-05T18:00:00,RUS,Kostroma,3,0,0,0,3,0
2020-04-05T18:00:00,RUS,Krasnodar,22,0,0,0,22,0
2020-04-05T18:00:00,RUS,Krasnoyarsk,25,0,0,0,25,0
2020-04-05T18:00:00,RUS,Kurgan,1,0,0,0,1,0
2020-04-05T18:00:00,RUS,Kursk,3,0,0,0,3,0
2020-04-05T18:00:00,RUS,Leningrad,31,0,0,0,31,0
2020-04-05T18:00:00,RUS,Lipetsk,15,0,0,0,15,0
2020-04-05T18:00:00,RUS,Magadan,1,0,0,0,1,0
2020-04-05T18:00:00,RUS,Mari El,4,0,0,0,4,0
2020-04-05T18:00:00,RUS,Mordovia,4,0,0,0,4,0
2020-04-05T18:00:00,RUS,Moscow,2652,0,0,0,2652,0
2020-04-05T18:00:00,RUS,Murmansk,15,0,0,0,15,0
2020-04-05T18:00:00,RUS,Nizhny Novgorod,25,0,0,0,25,0
2020-04-05T18:00:00,RUS,North Ossetia-Alania,4,0,0,0,4,0
2020-04-05T18:00:00,RUS,NOT SPECIFIED,0,0,0,0,0,30
2020-04-05T18:00:00,RUS,Novgorod,3,0,0,0,3,0
2020-04-05T18:00:00,RUS,Novosibirsk,10,0,0,0,10,0
2020-04-05T18:00:00,RUS,Omsk,9,0,0,0,9,0
2020-04-05T18:00:00,RUS,Orenburg,12,0,0,0,12,0
2020-04-05T18:00:00,RUS,Oryol,3,0,0,0,3,0
2020-04-05T18:00:00,RUS,Penza,16,0,0,0,16,0
2020-04-05T18:00:00,RUS,Perm,20,0,0,0,20,0
2020-04-05T18:00:00,RUS,Primorsky,5,0,0,0,5,0
2020-04-05T18:00:00,RUS,Pskov,9,0,0,0,9,0
2020-04-05T18:00:00,RUS,Republic of Crimea,21,0,0,0,21,0
2020-04-05T18:00:00,RUS,Rostov,9,0,0,0,9,0
2020-04-05T18:00:00,RUS,Ryazan,5,0,0,0,5,0
2020-04-05T18:00:00,RUS,Saint Petersburg,147,0,0,0,147,0
2020-04-05T18:00:00,RUS,Sakhalin,5,0,0,0,5,0
2020-04-05T18:00:00,RUS,Samara,17,0,0,0,17,0
2020-04-05T18:00:00,RUS,Saratov,15,0,0,0,15,0
2020-04-05T18:00:00,RUS,Smolensk,1,0,0,0,1,0
2020-04-05T18:00:00,RUS,Stavropol,11,0,0,0,11,0
2020-04-05T18:00:00,RUS,Sverdlovsk,38,0,0,0,38,0
2020-04-05T18:00:00,RUS,Tambov,6,0,0,0,6,0
2020-04-05T18:00:00,RUS,Tatarstan,19,0,0,0,19,0
2020-04-05T18:00:00,RUS,Tomsk,3,0,0,0,3,0
2020-04-05T18:00:00,RUS,Tula,17,0,0,0,17,0
2020-04-05T18:00:00,RUS,Tver,5,0,0,0,5,0
2020-04-05T18:00:00,RUS,Tyumen,6,0,0,0,6,0
2020-04-05T18:00:00,RUS,Udmurtia,4,0,0,0,4,0
2020-04-05T18:00:00,RUS,Ulyanovsk,1,0,0,0,1,0
2020-04-05T18:00:00,RUS,Vladimir,3,0,0,0,3,0
2020-04-05T18:00:00,RUS,Volgograd,8,0,0,0,8,0
2020-04-05T18:00:00,RUS,Vologda,12,0,0,0,12,0
2020-04-05T18:00:00,RUS,Voronezh,12,0,0,0,12,0
2020-04-05T18:00:00,RUS,Yakutia,15,0,0,0,15,0
2020-04-05T18:00:00,RUS,Yamalo-Nenets AO,2,0,0,0,2,0
2020-04-05T18:00:00,RUS,Yaroslavl,3,0,0,0,3,0
2020-04-05T18:00:00,RUS,Zabaykalsky,1,0,0,0,1,0
2020-04-05T18:00:00,ROU,Alba,1,0,0,0,1,0
2020-04-05T18:00:00,ROU,Arad,0,0,0,0,0,11
2020-04-05T18:00:00,ROU,Bacau,0,0,0,0,0,4
2020-04-05T18:00:00,ROU,Bihor,5,0,0,0,5,0
2020-04-05T18:00:00,ROU,Bistrița-Năsăud,0,0,0,0,0,5
2020-04-05T18:00:00,ROU,Botosani,0,0,0,0,0,1
2020-04-05T18:00:00,ROU,Bralia,2,0,0,0,2,0
2020-04-05T18:00:00,ROU,Brasov,15,0,0,0,15,0
2020-04-05T18:00:00,ROU,Bucuresti,0,0,0,0,0,12
2020-04-05T18:00:00,ROU,Buzau,5,0,0,0,5,0
2020-04-05T18:00:00,ROU,Calarasi,2,0,0,0,2,0
2020-04-05T18:00:00,ROU,Caras-Severin,0,0,0,0,0,2
2020-04-05T18:00:00,ROU,Cluj,0,0,0,0,0,1
2020-04-05T18:00:00,ROU,Constanta,0,0,0,0,0,2
2020-04-05T18:00:00,ROU,Covasna,0,0,0,0,0,1
2020-04-05T18:00:00,ROU,Dambovita,0,0,0,0,0,2
2020-04-05T18:00:00,ROU,Dolj,0,0,0,0,0,2
2020-04-05T18:00:00,ROU,Galati,0,0,0,0,0,2
2020-04-05T18:00:00,ROU,Giurgiu,2,0,0,0,2,0
2020-04-05T18:00:00,ROU,Gorj,3,0,0,0,3,0
2020-04-05T18:00:00,ROU,Hunedoara,0,0,0,0,0,11
2020-04-05T18:00:00,ROU,Ialomita,0,0,0,0,0,9
2020-04-05T18:00:00,ROU,Iasi,0,0,0,0,0,2
2020-04-05T18:00:00,ROU,Ilfov,0,0,0,0,0,1
2020-04-05T18:00:00,ROU,Maramureș,15,0,0,0,15,0
2020-04-05T18:00:00,ROU,Mehedinti,0,0,0,0,0,1
2020-04-05T18:00:00,ROU,Mures,0,0,0,0,0,2
2020-04-05T18:00:00,ROU,Neamt,0,0,0,0,0,6
2020-04-05T18:00:00,ROU,Olt,2,0,0,0,2,0
2020-04-05T18:00:00,ROU,Prahova,2,0,0,0,2,0
2020-04-05T18:00:00,ROU,Salaj,1,0,0,0,1,0
2020-04-05T18:00:00,ROU,Satu Mare,0,0,0,0,0,2
2020-04-05T18:00:00,ROU,Suceava,0,0,0,0,0,41
2020-04-05T18:00:00,ROU,Teleorman,0,0,0,0,0,1
2020-04-05T18:00:00,ROU,Timis,0,0,0,0,0,7
2020-04-05T18:00:00,ROU,Tulcea,5,0,0,0,5,0
2020-04-05T18:00:00,ROU,Unknown,3183,0,0,0,3183,4
2020-04-05T18:00:00,ROU,Valcea,2,0,0,0,2,0
2020-04-05T18:00:00,ROU,Vrancea,0,0,0,0,0,1
2020-04-05T18:00:00,POL,Dolnośląskie,468,0,0,0,468,10
2020-04-05T18:00:00,POL,Kujawsko-pomorskie,241,0,0,0,241,1
2020-04-05T18:00:00,POL,Łódzkie,326,0,0,0,326,3
2020-04-05T18:00:00,POL,Lubelskie,174,0,0,0,174,6
2020-04-05T18:00:00,POL,Lubuskie,59,0,0,0,59,0
2020-04-05T18:00:00,POL,Małopolskie,327,0,0,0,327,7
2020-04-05T18:00:00,POL,Mazowieckie,967,0,0,0,967,20
2020-04-05T18:00:00,POL,Opolskie,94,0,0,0,94,1
2020-04-05T18:00:00,POL,Podkarpackie,149,0,0,0,149,5
2020-04-05T18:00:00,POL,Podlaskie,91,0,0,0,91,1
2020-04-05T18:00:00,POL,Pomorskie,117,0,0,0,117,0
2020-04-05T18:00:00,POL,Śląskie,537,0,0,0,537,22
2020-04-05T18:00:00,POL,Świętokrzyskie,93,0,0,0,93,1
2020-04-05T18:00:00,POL,Warmińsko-mazurskie,80,0,0,0,80,1
2020-04-05T18:00:00,POL,Wielkopolskie,273,0,0,0,273,14
2020-04-05T18:00:00,POL,Zachodniopomorskie,106,0,0,0,106,2
2020-04-05T18:00:00,NOR,Agder,230,0,0,0,230,0
2020-04-05T18:00:00,NOR,Innlandet,362,0,0,0,362,0
2020-04-05T18:00:00,NOR,Møre og Romsdal,115,0,0,0,115,0
2020-04-05T18:00:00,NOR,Nordland,75,0,0,0,75,0
2020-04-05T18:00:00,NOR,NOT SPECIFIED,0,0,0,0,0,58
2020-04-05T18:00:00,NOR,Oslo,1582,0,0,0,1582,0
2020-04-05T18:00:00,NOR,Outside mainland Norway,1,0,0,0,1,0
2020-04-05T18:00:00,NOR,Rogaland,372,0,0,0,372,0
2020-04-05T18:00:00,NOR,Troms og Finnmark,181,0,0,0,181,0
2020-04-05T18:00:00,NOR,Trøndelag,369,0,0,0,369,0
2020-04-05T18:00:00,NOR,Unknown,2,0,0,0,2,0
2020-04-05T18:00:00,NOR,Unknown county,3,0,0,0,3,0
2020-04-05T18:00:00,NOR,Vestfold og Telemark,220,0,0,0,220,0
2020-04-05T18:00:00,NOR,Vestland,556,0,0,0,556,0
2020-04-05T18:00:00,NOR,Viken,1576,0,0,0,1576,0
2020-04-05T18:00:00,MKD,North Macedonia,483,0,0,0,483,17
2020-04-05T18:00:00,MNE,Montenegro,203,0,0,0,203,2
2020-04-05T18:00:00,MCO,Monaco,66,0,0,0,66,2
2020-04-05T18:00:00,MDA,Kishinev,423,0,0,0,423,5
2020-04-05T18:00:00,MDA,Moldova,752,0,0,0,752,12
2020-04-05T18:00:00,LUX,Luxembourg,2729,0,0,0,2729,31
2020-04-05T18:00:00,LTU,Lithuania,771,0,0,0,771,9
2020-04-05T18:00:00,LIE,Liechtenstein,77,0,0,0,77,1
2020-04-05T18:00:00,LIE,NOT SPECIFIED,0,0,0,0,0,0
2020-04-05T18:00:00,LVA,Latvia,509,0,0,0,509,1
2020-04-05T18:00:00,IRL,Ireland,4604,0,0,0,4604,137
2020-04-05T18:00:00,ISL,Abroad,0,0,0,0,0,0
2020-04-05T18:00:00,ISL,East Iceland,6,0,0,0,6,0
2020-04-05T18:00:00,ISL,Greater Reykjavík,1040,0,0,0,1040,0
2020-04-05T18:00:00,ISL,Northeast Iceland,39,0,0,0,39,0
2020-04-05T18:00:00,ISL,Northwest Iceland,32,0,0,0,32,0
2020-04-05T18:00:00,ISL,NOT SPECIFIED,39,0,0,0,39,0
2020-04-05T18:00:00,ISL,South Iceland,143,0,0,0,143,0
2020-04-05T18:00:00,ISL,Suðurnes Peninsula,65,0,0,0,65,0
2020-04-05T18:00:00,ISL,West Fjords,27,0,0,0,27,0
2020-04-05T18:00:00,ISL,West Iceland,26,0,0,0,26,0
2020-04-05T18:00:00,GRC,Achaea,22,0,0,0,22,2
2020-04-05T18:00:00,GRC,Argolis,1,0,0,0,1,0
2020-04-05T18:00:00,GRC,Arkadias,3,0,0,0,3,0
2020-04-05T18:00:00,GRC,Arta,7,0,0,0,7,0
2020-04-05T18:00:00,GRC,Athens,641,0,0,0,641,31
2020-04-05T18:00:00,GRC,Athos,4,0,0,0,4,0
2020-04-05T18:00:00,GRC,Beozia,1,0,0,0,1,0
2020-04-05T18:00:00,GRC,Chania,1,0,0,0,1,0
2020-04-05T18:00:00,GRC,Corfu,2,0,0,0,2,1
2020-04-05T18:00:00,GRC,Corinth,2,0,0,0,2,0
2020-04-05T18:00:00,GRC,Cyclades,1,0,0,0,1,0
2020-04-05T18:00:00,GRC,Dodecaneso,1,0,0,0,1,0
2020-04-05T18:00:00,GRC,Drama,5,0,0,0,5,0
2020-04-05T18:00:00,GRC,East Attica,57,0,0,0,57,0
2020-04-05T18:00:00,GRC,Elis,46,0,0,0,46,2
2020-04-05T18:00:00,GRC,Euboea,23,0,0,0,23,0
2020-04-05T18:00:00,GRC,Evros,11,0,0,0,11,1
2020-04-05T18:00:00,GRC,Florina,1,0,0,0,1,0
2020-04-05T18:00:00,GRC,Fthiotis,1,0,0,0,1,0
2020-04-05T18:00:00,GRC,Heraklion,10,0,0,0,10,1
2020-04-05T18:00:00,GRC,Ikaria,1,0,0,0,1,0
2020-04-05T18:00:00,GRC,Ioannina,2,0,0,0,2,0
2020-04-05T18:00:00,GRC,Kastoria,36,0,0,0,36,9
2020-04-05T18:00:00,GRC,Kavalas,3,0,0,0,3,0
2020-04-05T18:00:00,GRC,Kefalonia,1,0,0,0,1,0
2020-04-05T18:00:00,GRC,Khalkidiki,1,0,0,0,1,0
2020-04-05T18:00:00,GRC,Khios,1,0,0,0,1,0
2020-04-05T18:00:00,GRC,Kilkis,3,0,0,0,3,0
2020-04-05T18:00:00,GRC,Kozani,16,0,0,0,16,8
2020-04-05T18:00:00,GRC,Laconia,1,0,0,0,1,0
2020-04-05T18:00:00,GRC,Larissa,13,0,0,0,13,0
2020-04-05T18:00:00,GRC,Lasithi,2,0,0,0,2,0
2020-04-05T18:00:00,GRC,Lefkadas,1,0,0,0,1,0
2020-04-05T18:00:00,GRC,Lesbos,8,0,0,0,8,1
2020-04-05T18:00:00,GRC,Magnesia,2,0,0,0,2,0
2020-04-05T18:00:00,GRC,Messinia,7,0,0,0,7,0
2020-04-05T18:00:00,GRC,Pella,7,0,0,0,7,2
2020-04-05T18:00:00,GRC,Pieria,3,0,0,0,3,0
2020-04-05T18:00:00,GRC,Pireas,176,0,0,0,176,0
2020-04-05T18:00:00,GRC,Prevezas,2,0,0,0,2,0
2020-04-05T18:00:00,GRC,Rethymnon,1,0,0,0,1,0
2020-04-05T18:00:00,GRC,Serron,9,0,0,0,9,0
2020-04-05T18:00:00,GRC,Tessaloniki,32,0,0,0,32,6
2020-04-05T18:00:00,GRC,Trikalon,1,0,0,0,1,0
2020-04-05T18:00:00,GRC,Unknown,474,0,0,0,474,0
2020-04-05T18:00:00,GRC,West Attica,4,0,0,0,4,0
2020-04-05T18:00:00,GRC,Xanthis,22,0,0,0,22,5
2020-04-05T18:00:00,GRC,Zakynthos,5,0,0,0,5,1
2020-04-05T18:00:00,BGR,Blagoevgrad,15,0,0,0,15,3
2020-04-05T18:00:00,BGR,Burgas,21,0,0,0,21,0
2020-04-05T18:00:00,BGR,Dobrich,10,0,0,0,10,0
2020-04-05T18:00:00,BGR,Gabrovo,2,0,0,0,2,0
2020-04-05T18:00:00,BGR,Haskovo,2,0,0,0,2,0
2020-04-05T18:00:00,BGR,Kardzhali,8,0,0,0,8,0
2020-04-05T18:00:00,BGR,Kyustendil,7,0,0,0,7,3
2020-04-05T18:00:00,BGR,Lovech,1,0,0,0,1,0
2020-04-05T18:00:00,BGR,Montana,18,0,0,0,18,0
2020-04-05T18:00:00,BGR,Pazardzhik,8,0,0,0,8,0
2020-04-05T18:00:00,BGR,Pernik,6,0,0,0,6,0
2020-04-05T18:00:00,BGR,Pleven,9,0,0,0,9,0
2020-04-05T18:00:00,BGR,Plovdiv,29,0,0,0,29,0
2020-04-05T18:00:00,BGR,Ruse,1,0,0,0,1,0
2020-04-05T18:00:00,BGR,Shumen,4,0,0,0,4,0
2020-04-05T18:00:00,BGR,Silistra,2,0,0,0,2,0
2020-04-05T18:00:00,BGR,Sliven,5,0,0,0,5,0
2020-04-05T18:00:00,BGR,Smolyan,13,0,0,0,13,0
2020-04-05T18:00:00,BGR,Sofia City,292,0,0,0,292,7
2020-04-05T18:00:00,BGR,Stara Zagora,3,0,0,0,3,1
2020-04-05T18:00:00,BGR,Unknown,4,0,0,0,4,0
2020-04-05T18:00:00,BGR,Varna,23,0,0,0,23,0
2020-04-05T18:00:00,BGR,Veliko Tarnovo,4,0,0,0,4,0
2020-04-05T18:00:00,BGR,Vidin,2,0,0,0,2,0
2020-04-05T18:00:00,ALB,Berat,1,0,0,0,1,0
2020-04-05T18:00:00,ALB,Durrës,35,0,0,0,35,3
2020-04-05T18:00:00,ALB,Elbasan,8,0,0,0,8,0
2020-04-05T18:00:00,ALB,Fier,27,0,0,0,27,2
2020-04-05T18:00:00,ALB,Korca,3,0,0,0,3,0
2020-04-05T18:00:00,ALB,Korçë,16,0,0,0,16,0
2020-04-05T18:00:00,ALB,Kukës,12,0,0,0,12,1
2020-04-05T18:00:00,ALB,Lezhë,8,0,0,0,8,0
2020-04-05T18:00:00,ALB,Shkodër,14,0,0,0,14,0
2020-04-05T18:00:00,ALB,Tirane,63,0,0,0,63,0
2020-04-05T18:00:00,ALB,Tiranë,151,0,0,0,151,9
2020-04-05T18:00:00,ALB,Vlorë,5,0,0,0,5,1
2020-04-05T18:00:00,PRT,Açores,63,0,0,0,63,0
2020-04-05T18:00:00,PRT,Alentejo,63,0,0,0,63,0
2020-04-05T18:00:00,PRT,Algarve,182,0,0,0,182,5
2020-04-05T18:00:00,PRT,Centro,1372,0,0,0,1372,66
2020-04-05T18:00:00,PRT,Estrageiro,21,0,0,0,21,0
2020-04-05T18:00:00,PRT,Lisbon,2513,0,0,0,2513,54
2020-04-05T18:00:00,PRT,Madeira,51,0,0,0,51,0
2020-04-05T18:00:00,PRT,Norte,6280,0,0,0,6280,141
2020-04-05T18:00:00,AUT,Burgenland,226,0,0,0,226,0
2020-04-05T18:00:00,AUT,Kärnten,319,0,0,0,319,0
2020-04-05T18:00:00,AUT,Niederösterreich,1903,0,0,0,1903,0
2020-04-05T18:00:00,AUT,Oberösterreich,1932,0,0,0,1932,0
2020-04-05T18:00:00,AUT,Salzburg,1069,0,0,0,1069,0
2020-04-05T18:00:00,AUT,Steiermark,1311,0,0,0,1311,0
2020-04-05T18:00:00,AUT,Tirol,2704,0,0,0,2704,0
2020-04-05T18:00:00,AUT,Vorarlberg,742,0,0,0,742,0
2020-04-05T18:00:00,AUT,Wien,1701,0,0,0,1701,0
2020-04-05T18:00:00,ESP,Andalucía,3720,474,4581,4107,8301,470
2020-04-05T18:00:00,ESP,Aragón,1411,233,1821,1588,3232,270
2020-04-05T18:00:00,ESP,Canarias,849,129,773,644,1622,80
2020-04-05T18:00:00,ESP,Cantabria,740,62,701,639,1441,68
2020-04-05T18:00:00,ESP,Castilla y León,5824,351,2925,2574,8749,847
2020-04-05T18:00:00,ESP,Castilla-La Mancha,6724,357,3307,2950,10031,1055
2020-04-05T18:00:00,ESP,Cataluña,5127,2249,20905,18656,26032,2637
2020-04-05T18:00:00,ESP,Ciudad Autónoma de Ceuta,70,4,13,9,83,2
2020-04-05T18:00:00,ESP,Ciudad Autónoma de Melilla,42,3,41,38,83,2
2020-04-05T18:00:00,ESP,Comunidad de Madrid,21534,1499,16050,14551,37584,4941
2020-04-05T18:00:00,ESP,Comunidad Foral de Navarra,1551,123,1522,1399,3073,178
2020-04-05T18:00:00,ESP,Comunidad Valenciana,4902,381,2282,1901,7184,613
2020-04-05T18:00:00,ESP,Extremadura,1564,66,483,417,2047,218
2020-04-05T18:00:00,ESP,Galicia,3943,170,2001,1831,5944,174
2020-04-05T18:00:00,ESP,Illes Balears,509,120,784,664,1293,75
2020-04-05T18:00:00,ESP,La Rioja,1671,66,921,855,2592,134
2020-04-05T18:00:00,ESP,País Vasco,3558,404,5070,4666,8628,515
2020-04-05T18:00:00,ESP,Principado de Asturias,707,90,898,808,1605,80
2020-04-05T18:00:00,ESP,Región de Murcia,708,80,527,447,1235,59
2020-04-05T18:00:00,WWW,Afghanistan,270,0,0,0,270,5
2020-04-05T18:00:00,WWW,Albania,333,0,0,0,333,19
2020-04-05T18:00:00,WWW,Algeria,1300,0,0,0,1300,130
2020-04-05T18:00:00,WWW,Andorra,466,0,0,0,466,17
2020-04-05T18:00:00,WWW,Angola,10,0,0,0,10,2
2020-04-05T18:00:00,WWW,Anguilla,3,0,0,0,3,0
2020-04-05T18:00:00,WWW,Antigua and Barbuda,15,0,0,0,15,0
2020-04-05T18:00:00,WWW,Argentina,1451,0,0,0,1451,43
2020-04-05T18:00:00,WWW,Armenia,770,0,0,0,770,7
2020-04-05T18:00:00,WWW,Aruba,64,0,0,0,64,0
2020-04-05T18:00:00,WWW,Australia,5687,0,0,0,5687,34
2020-04-05T18:00:00,WWW,Austria,11766,0,0,0,11766,186
2020-04-05T18:00:00,WWW,Azerbaijan,521,0,0,0,521,5
2020-04-05T18:00:00,WWW,Bahamas,28,0,0,0,28,4
2020-04-05T18:00:00,WWW,Bahrain,688,0,0,0,688,4
2020-04-05T18:00:00,WWW,Bangladesh,70,0,0,0,70,8
2020-04-05T18:00:00,WWW,Barbados,51,0,0,0,51,0
2020-04-05T18:00:00,WWW,Belarus,394,0,0,0,394,5
2020-04-05T18:00:00,WWW,Belgium,18431,0,0,0,18431,1283
2020-04-05T18:00:00,WWW,Belize,4,0,0,0,4,0
2020-04-05T18:00:00,WWW,Benin,16,0,0,0,16,0
2020-04-05T18:00:00,WWW,Bermuda,37,0,0,0,37,0
2020-04-05T18:00:00,WWW,Bhutan,5,0,0,0,5,0
2020-04-05T18:00:00,WWW,Bolivia,157,0,0,0,157,10
2020-04-05T18:00:00,WWW,"Bonaire, Saint Eustatius and Saba",2,0,0,0,2,0
2020-04-05T18:00:00,WWW,Bosnia and Herzegovina,632,0,0,0,632,21
2020-04-05T18:00:00,WWW,Botswana,4,0,0,0,4,1
2020-04-05T18:00:00,WWW,Brazil,10278,0,0,0,10278,432
2020-04-05T18:00:00,WWW,British Virgin Islands,3,0,0,0,3,0
2020-04-05T18:00:00,WWW,Brunei Darussalam,135,0,0,0,135,1
2020-04-05T18:00:00,WWW,Bulgaria,503,0,0,0,503,17
2020-04-05T18:00:00,WWW,Burkina Faso,302,0,0,0,302,16
2020-04-05T18:00:00,WWW,Burundi,3,0,0,0,3,0
2020-04-05T18:00:00,WWW,Cambodia,114,0,0,0,114,0
2020-04-05T18:00:00,WWW,Cameroon,555,0,0,0,555,9
2020-04-05T18:00:00,WWW,Canada,13882,0,0,0,13882,231
2020-04-05T18:00:00,WWW,Cape Verde,7,0,0,0,7,1
2020-04-05T18:00:00,WWW,Cases on an international conveyance Japan,696,0,0,0,696,7
2020-04-05T18:00:00,WWW,Cayman Islands,35,0,0,0,35,1
2020-04-05T18:00:00,WWW,Central African Republic,9,0,0,0,9,0
2020-04-05T18:00:00,WWW,Chad,8,0,0,0,8,0
2020-04-05T18:00:00,WWW,Chile,4161,0,0,0,4161,27
2020-04-05T18:00:00,WWW,China,82575,0,0,0,82575,3333
2020-04-05T18:00:00,WWW,Colombia,1406,0,0,0,1406,32
2020-04-05T18:00:00,WWW,Congo,45,0,0,0,45,5
2020-04-05T18:00:00,WWW,Costa Rica,435,0,0,0,435,2
2020-04-05T18:00:00,WWW,Cote dIvoire,245,0,0,0,245,2
2020-04-05T18:00:00,WWW,Croatia,1126,0,0,0,1126,12
2020-04-05T18:00:00,WWW,Cuba,288,0,0,0,288,6
2020-04-05T18:00:00,WWW,Curaçao,11,0,0,0,11,1
2020-04-05T18:00:00,WWW,Cyprus,426,0,0,0,426,11
2020-04-05T18:00:00,WWW,Czech Republic,4472,0,0,0,4472,59
2020-04-05T18:00:00,WWW,Democratic Republic of the Congo,154,0,0,0,154,18
2020-04-05T18:00:00,WWW,Denmark,4077,0,0,0,4077,161
2020-04-05T18:00:00,WWW,Djibouti,51,0,0,0,51,0
2020-04-05T18:00:00,WWW,Dominica,14,0,0,0,14,0
2020-04-05T18:00:00,WWW,Dominican Republic,1578,0,0,0,1578,77
2020-04-05T18:00:00,WWW,Ecuador,3465,0,0,0,3465,172
2020-04-05T18:00:00,WWW,Egypt,985,0,0,0,985,66
2020-04-05T18:00:00,WWW,El Salvador,62,0,0,0,62,3
2020-04-05T18:00:00,WWW,Equatorial Guinea,16,0,0,0,16,0
2020-04-05T18:00:00,WWW,Eritrea,29,0,0,0,29,0
2020-04-05T18:00:00,WWW,Estonia,1018,0,0,0,1018,13
2020-04-05T18:00:00,WWW,Eswatini,9,0,0,0,9,0
2020-04-05T18:00:00,WWW,Ethiopia,38,0,0,0,38,0
2020-04-05T18:00:00,WWW,Falkland Islands (Malvinas),1,0,0,0,1,0
2020-04-05T18:00:00,WWW,Faroe Islands,181,0,0,0,181,0
2020-04-05T18:00:00,WWW,Fiji,12,0,0,0,12,0
2020-04-05T18:00:00,WWW,Finland,1882,0,0,0,1882,25
2020-04-05T18:00:00,WWW,France,68605,0,0,0,68605,7560
2020-04-05T18:00:00,WWW,French Polynesia,40,0,0,0,40,0
2020-04-05T18:00:00,WWW,Gabon,21,0,0,0,21,1
2020-04-05T18:00:00,WWW,Gambia,4,0,0,0,4,1
2020-04-05T18:00:00,WWW,Georgia,157,0,0,0,157,0
2020-04-05T18:00:00,WWW,Germany,91714,0,0,0,91714,1342
2020-04-05T18:00:00,WWW,Ghana,214,0,0,0,214,5
2020-04-05T18:00:00,WWW,Gibraltar,98,0,0,0,98,1
2020-04-05T18:00:00,WWW,Greece,1673,0,0,0,1673,68
2020-04-05T18:00:00,WWW,Greenland,10,0,0,0,10,0
2020-04-05T18:00:00,WWW,Grenada,12,0,0,0,12,0
2020-04-05T18:00:00,WWW,Guam,93,0,0,0,93,4
2020-04-05T18:00:00,WWW,Guatemala,61,0,0,0,61,2
2020-04-05T18:00:00,WWW,Guernsey,136,0,0,0,136,2
2020-04-05T18:00:00,WWW,Guinea,111,0,0,0,111,0
2020-04-05T18:00:00,WWW,Guinea Bissau,18,0,0,0,18,0
2020-04-05T18:00:00,WWW,Guyana,24,0,0,0,24,4
2020-04-05T18:00:00,WWW,Haiti,21,0,0,0,21,0
2020-04-05T18:00:00,WWW,Holy See,7,0,0,0,7,0
2020-04-05T18:00:00,WWW,Honduras,268,0,0,0,268,22
2020-04-05T18:00:00,WWW,Hungary,733,0,0,0,733,34
2020-04-05T18:00:00,WWW,Iceland,1417,0,0,0,1417,4
2020-04-05T18:00:00,WWW,India,3374,0,0,0,3374,77
2020-04-05T18:00:00,WWW,Indonesia,2092,0,0,0,2092,191
2020-04-05T18:00:00,WWW,Iran,55743,0,0,0,55743,3452
2020-04-05T18:00:00,WWW,Iraq,878,0,0,0,878,56
2020-04-05T18:00:00,WWW,Ireland,4604,0,0,0,4604,137
2020-04-05T18:00:00,WWW,Isle of Man,126,0,0,0,126,1
2020-04-05T18:00:00,WWW,Israel,8018,0,0,0,8018,46
2020-04-05T18:00:00,WWW,Italy,124632,0,0,0,124632,15362
2020-04-05T18:00:00,WWW,Jamaica,55,0,0,0,55,3
2020-04-05T18:00:00,WWW,Japan,3271,0,0,0,3271,70
2020-04-05T18:00:00,WWW,Jersey,123,0,0,0,123,3
2020-04-05T18:00:00,WWW,Jordan,323,0,0,0,323,5
2020-04-05T18:00:00,WWW,Kazakhstan,460,0,0,0,460,3
2020-04-05T18:00:00,WWW,Kenya,126,0,0,0,126,4
2020-04-05T18:00:00,WWW,Kosovo,126,0,0,0,126,1
2020-04-05T18:00:00,WWW,Kuwait,479,0,0,0,479,1
2020-04-05T18:00:00,WWW,Kyrgyzstan,144,0,0,0,144,1
2020-04-05T18:00:00,WWW,Laos,10,0,0,0,10,0
2020-04-05T18:00:00,WWW,Latvia,509,0,0,0,509,1
2020-04-05T18:00:00,WWW,Lebanon,520,0,0,0,520,17
2020-04-05T18:00:00,WWW,Liberia,10,0,0,0,10,1
2020-04-05T18:00:00,WWW,Libya,18,0,0,0,18,1
2020-04-05T18:00:00,WWW,Liechtenstein,77,0,0,0,77,1
2020-04-05T18:00:00,WWW,Lithuania,771,0,0,0,771,9
2020-04-05T18:00:00,WWW,Luxembourg,2729,0,0,0,2729,31
2020-04-05T18:00:00,WWW,Madagascar,71,0,0,0,71,0
2020-04-05T18:00:00,WWW,Malawi,4,0,0,0,4,0
2020-04-05T18:00:00,WWW,Malaysia,3483,0,0,0,3483,57
2020-04-05T18:00:00,WWW,Maldives,19,0,0,0,19,0
2020-04-05T18:00:00,WWW,Mali,41,0,0,0,41,3
2020-04-05T18:00:00,WWW,Malta,213,0,0,0,213,0
2020-04-05T18:00:00,WWW,Mauritania,6,0,0,0,6,1
2020-04-05T18:00:00,WWW,Mauritius,196,0,0,0,196,7
2020-04-05T18:00:00,WWW,Mexico,1890,0,0,0,1890,79
2020-04-05T18:00:00,WWW,Moldova,752,0,0,0,752,12
2020-04-05T18:00:00,WWW,Monaco,66,0,0,0,66,2
2020-04-05T18:00:00,WWW,Mongolia,14,0,0,0,14,0
2020-04-05T18:00:00,WWW,Montenegro,201,0,0,0,201,2
2020-04-05T18:00:00,WWW,Montserrat,6,0,0,0,6,0
2020-04-05T18:00:00,WWW,Morocco,919,0,0,0,919,59
2020-04-05T18:00:00,WWW,Mozambique,10,0,0,0,10,0
2020-04-05T18:00:00,WWW,Myanmar,21,0,0,0,21,1
2020-04-05T18:00:00,WWW,Namibia,14,0,0,0,14,0
2020-04-05T18:00:00,WWW,Nepal,6,0,0,0,6,0
2020-04-05T18:00:00,WWW,Netherlands,16627,0,0,0,16627,1651
2020-04-05T18:00:00,WWW,Netherlands Antilles,22,0,0,0,22,0
2020-04-05T18:00:00,WWW,New Caledonia,18,0,0,0,18,0
2020-04-05T18:00:00,WWW,New Zealand,872,0,0,0,872,1
2020-04-05T18:00:00,WWW,Nicaragua,5,0,0,0,5,1
2020-04-05T18:00:00,WWW,Niger,120,0,0,0,120,5
2020-04-05T18:00:00,WWW,Nigeria,210,0,0,0,210,4
2020-04-05T18:00:00,WWW,North Macedonia,483,0,0,0,483,17
2020-04-05T18:00:00,WWW,Northern Mariana Islands,8,0,0,0,8,1
2020-04-05T18:00:00,WWW,Norway,5510,0,0,0,5510,50
2020-04-05T18:00:00,WWW,Oman,277,0,0,0,277,2
2020-04-05T18:00:00,WWW,Pakistan,2450,0,0,0,2450,35
2020-04-05T18:00:00,WWW,Palestine,155,0,0,0,155,1
2020-04-05T18:00:00,WWW,Panama,1801,0,0,0,1801,46
2020-04-05T18:00:00,WWW,Papua New Guinea,1,0,0,0,1,0
2020-04-05T18:00:00,WWW,Paraguay,104,0,0,0,104,3
2020-04-05T18:00:00,WWW,Peru,1746,0,0,0,1746,73
2020-04-05T18:00:00,WWW,Philippines,3094,0,0,0,3094,144
2020-04-05T18:00:00,WWW,Poland,3627,0,0,0,3627,79
2020-04-05T18:00:00,WWW,Portugal,10524,0,0,0,10524,266
2020-04-05T18:00:00,WWW,Puerto Rico,452,0,0,0,452,18
2020-04-05T18:00:00,WWW,Qatar,1325,0,0,0,1325,3
2020-04-05T18:00:00,WWW,Romania,3613,0,0,0,3613,141
2020-04-05T18:00:00,WWW,Russia,4731,0,0,0,4731,43
2020-04-05T18:00:00,WWW,Rwanda,102,0,0,0,102,0
2020-04-05T18:00:00,WWW,Saint Barthelemy,6,0,0,0,6,0
2020-04-05T18:00:00,WWW,Saint Kitts and Nevis,10,0,0,0,10,0
2020-04-05T18:00:00,WWW,Saint Lucia,14,0,0,0,14,0
2020-04-05T18:00:00,WWW,Saint Vincent and the Grenadines,7,0,0,0,7,0
2020-04-05T18:00:00,WWW,San Marino,259,0,0,0,259,32
2020-04-05T18:00:00,WWW,Saudi Arabia,2179,0,0,0,2179,29
2020-04-05T18:00:00,WWW,Senegal,219,0,0,0,219,2
2020-04-05T18:00:00,WWW,Serbia,1624,0,0,0,1624,44
2020-04-05T18:00:00,WWW,Seychelles,10,0,0,0,10,0
2020-04-05T18:00:00,WWW,Sierra Leone,4,0,0,0,4,0
2020-04-05T18:00:00,WWW,Singapore,1189,0,0,0,1189,6
2020-04-05T18:00:00,WWW,Sint Maarten,23,0,0,0,23,2
2020-04-05T18:00:00,WWW,Slovakia,471,0,0,0,471,0
2020-04-05T18:00:00,WWW,Slovenia,977,0,0,0,977,22
2020-04-05T18:00:00,WWW,Somalia,7,0,0,0,7,0
2020-04-05T18:00:00,WWW,South Africa,1585,0,0,0,1585,9
2020-04-05T18:00:00,WWW,South Korea,10237,0,0,0,10237,183
2020-04-05T18:00:00,WWW,South Sudan,1,0,0,0,1,0
2020-04-05T18:00:00,WWW,Spain,124736,0,0,0,124736,11744
2020-04-05T18:00:00,WWW,Sri Lanka,159,0,0,0,159,5
2020-04-05T18:00:00,WWW,Sudan,10,0,0,0,10,2
2020-04-05T18:00:00,WWW,Suriname,10,0,0,0,10,1
2020-04-05T18:00:00,WWW,Sweden,6443,0,0,0,6443,373
2020-04-05T18:00:00,WWW,Switzerland,20489,0,0,0,20489,666
2020-04-05T18:00:00,WWW,Syria,16,0,0,0,16,2
2020-04-05T18:00:00,WWW,Taiwan,363,0,0,0,363,5
2020-04-05T18:00:00,WWW,Thailand,2169,0,0,0,2169,23
2020-04-05T18:00:00,WWW,Timor Leste,1,0,0,0,1,0
2020-04-05T18:00:00,WWW,Togo,41,0,0,0,41,3
2020-04-05T18:00:00,WWW,Trinidad and Tobago,103,0,0,0,103,6
2020-04-05T18:00:00,WWW,Tunisia,495,0,0,0,495,18
2020-04-05T18:00:00,WWW,Turkey,23934,0,0,0,23934,501
2020-04-05T18:00:00,WWW,Turks and Caicos islands,5,0,0,0,5,0
2020-04-05T18:00:00,WWW,Uganda,48,0,0,0,48,0
2020-04-05T18:00:00,WWW,Ukraine,1096,0,0,0,1096,28
2020-04-05T18:00:00,WWW,United Arab Emirates,1505,0,0,0,1505,10
2020-04-05T18:00:00,WWW,United Kingdom,41903,0,0,0,41903,4313
2020-04-05T18:00:00,WWW,United Republic of Tanzania,21,0,0,0,21,1
2020-04-05T18:00:00,WWW,United States of America,312237,0,0,0,312237,8501
2020-04-05T18:00:00,WWW,United States Virgin Islands,40,0,0,0,40,0
2020-04-05T18:00:00,WWW,Uruguay,400,0,0,0,400,5
2020-04-05T18:00:00,WWW,Uzbekistan,266,0,0,0,266,2
2020-04-05T18:00:00,WWW,Venezuela,144,0,0,0,144,5
2020-04-05T18:00:00,WWW,Vietnam,240,0,0,0,240,0
2020-04-05T18:00:00,WWW,Zambia,39,0,0,0,39,1
2020-04-05T18:00:00,WWW,Zimbabwe,9,0,0,0,9,1
2020-04-05T18:00:00,FRA,Auvergne-Rhône-Alpes,2093,0,0,0,2093,0
2020-04-05T18:00:00,FRA,Bourgogne-Franche-Comté,1569,0,0,0,1569,0
2020-04-05T18:00:00,FRA,Bretagne,603,0,0,0,603,0
2020-04-05T18:00:00,FRA,Centre,16,0,0,0,16,0
2020-04-05T18:00:00,FRA,Centre-Val de Loire,561,0,0,0,561,0
2020-04-05T18:00:00,FRA,Corse,225,0,0,0,225,0
2020-04-05T18:00:00,FRA,Grand Est,5479,0,0,0,5479,0
2020-04-05T18:00:00,FRA,Grand-Est,250,0,0,0,250,0
2020-04-05T18:00:00,FRA,Guadeloupe,76,0,0,0,76,0
2020-04-05T18:00:00,FRA,"Guadeloupe, Saint-Martin, Saint-Barthélemy",3,0,0,0,3,0
2020-04-05T18:00:00,FRA,Guyane,28,0,0,0,28,0
2020-04-05T18:00:00,FRA,Hauts-de-France,1753,0,0,0,1753,0
2020-04-05T18:00:00,FRA,Ile-de-France,7660,0,0,0,7660,0
2020-04-05T18:00:00,FRA,La Réunion,94,0,0,0,94,0
2020-04-05T18:00:00,FRA,Martinique,66,0,0,0,66,0
2020-04-05T18:00:00,FRA,Mayotte,35,0,0,0,35,0
2020-04-05T18:00:00,FRA,Normandie,688,0,0,0,688,0
2020-04-05T18:00:00,FRA,NOT SPECIFIED,29155,0,0,0,29155,1696
2020-04-05T18:00:00,FRA,Nouvelle-Aquitaine,912,0,0,0,912,0
2020-04-05T18:00:00,FRA,Occitanie,1082,0,0,0,1082,0
2020-04-05T18:00:00,FRA,Pays de la Loire,368,0,0,0,368,0
2020-04-05T18:00:00,FRA,Provence-Alpes-Côte d'Azur,1927,0,0,0,1927,0
2020-04-05T18:00:00,FRA,Saint-Barthélemy,3,0,0,0,3,0
2020-04-05T18:00:00,FRA,Saint-Martin,11,0,0,0,11,0
2020-04-05T18:00:00,DEU,Baden-Württemberg,18614,0,0,0,18614,168
2020-04-05T18:00:00,DEU,Bayern,23846,0,0,0,23846,182
2020-04-05T18:00:00,DEU,Berlin,3613,0,0,0,3613,96
2020-04-05T18:00:00,DEU,Brandenburg,1305,0,0,0,1305,52
2020-04-05T18:00:00,DEU,Bremen,394,0,0,0,394,58
2020-04-05T18:00:00,DEU,Hamburg,2945,0,0,0,2945,160
2020-04-05T18:00:00,DEU,Hessen,4575,0,0,0,4575,73
2020-04-05T18:00:00,DEU,Mecklenburg-Vorpommern,523,0,0,0,523,32
2020-04-05T18:00:00,DEU,Niedersachsen,5712,0,0,0,5712,72
2020-04-05T18:00:00,DEU,Nordrhein-Westfalen,18735,0,0,0,18735,104
2020-04-05T18:00:00,DEU,Repatriierte,2,0,0,0,2,0
2020-04-05T18:00:00,DEU,Rheinland-Pfalz,3663,0,0,0,3663,90
2020-04-05T18:00:00,DEU,Saarland,1358,0,0,0,1358,137
2020-04-05T18:00:00,DEU,Sachsen,2741,0,0,0,2741,67
2020-04-05T18:00:00,DEU,Sachsen-Anhalt,919,0,0,0,919,42
2020-04-05T18:00:00,DEU,Schleswig Holstein,1631,0,0,0,1631,56
2020-04-05T18:00:00,DEU,Thüringen,1140,0,0,0,1140,53
2020-04-05T18:00:00,ITA,Abruzzo,1222,67,481,414,1703,158
2020-04-05T18:00:00,ITA,Basilicata,196,18,82,64,278,13
2020-04-05T18:00:00,ITA,Bolzano,1299,53,345,292,1644,158
2020-04-05T18:00:00,ITA,Calabria,595,13,200,187,795,56
2020-04-05T18:00:00,ITA,Campania,2135,108,825,717,2960,189
2020-04-05T18:00:00,ITA,Emilia-Romagna,12500,375,4589,4214,17089,2051
2020-04-05T18:00:00,ITA,Friuli Venezia Giulia,1763,50,285,235,2048,154
2020-04-05T18:00:00,ITA,Lazio,2251,197,1629,1432,3880,219
2020-04-05T18:00:00,ITA,Liguria,2993,165,1456,1291,4449,556
2020-04-05T18:00:00,ITA,Lombardia,35812,1317,14643,13326,50455,8905
2020-04-05T18:00:00,ITA,Marche,3175,151,1289,1138,4464,599
2020-04-05T18:00:00,ITA,Molise,179,6,45,39,224,13
2020-04-05T18:00:00,ITA,Piemonte,8002,444,4360,3916,12362,1168
2020-04-05T18:00:00,ITA,Puglia,1425,159,892,733,2317,182
2020-04-05T18:00:00,ITA,Sardegna,731,25,176,151,907,43
2020-04-05T18:00:00,ITA,Sicilia,1286,76,708,632,1994,116
2020-04-05T18:00:00,ITA,Toscana,4184,276,1663,1387,5847,325
2020-04-05T18:00:00,ITA,Trento,1773,80,512,432,2285,217
2020-04-05T18:00:00,ITA,Umbria,990,45,249,204,1239,43
2020-04-05T18:00:00,ITA,Valle d'Aosta,640,23,142,119,782,91
2020-04-05T18:00:00,ITA,Veneto,8894,329,2332,2003,11226,631
