Date,Country,Region,Isolated,IntensiveCare,TotalHospitalized,Hospitalized,Infected,Deceased
2020-04-04T00:00:00,FRA,Auvergne-Rhône-Alpes,-1712,290,1712,1422,0,134
2020-04-04T00:00:00,FRA,Bourgogne-Franche-Comté,-845,166,845,679,0,123
2020-04-04T00:00:00,FRA,Bretagne,-247,45,247,202,0,29
2020-04-04T00:00:00,FRA,Centre-Val de Loire,-267,69,267,198,0,20
2020-04-04T00:00:00,FRA,Corse,-108,13,108,95,0,19
2020-04-04T00:00:00,FRA,Grand Est,-3615,636,3615,2979,0,584
2020-04-04T00:00:00,FRA,Guadeloupe,-28,7,28,21,0,0
2020-04-04T00:00:00,FRA,Hauts-de-France,-1190,271,1190,919,0,150
2020-04-04T00:00:00,FRA,Île-de-France,-6401,1269,6401,5132,0,460
2020-04-04T00:00:00,FRA,Martinique,-40,11,40,29,0,1
2020-04-04T00:00:00,FRA,Normandie,-348,75,348,273,0,20
2020-04-04T00:00:00,FRA,Nouvelle-Aquitaine,-495,96,495,399,0,34
2020-04-04T00:00:00,FRA,Occitanie,-728,177,728,551,0,54
2020-04-04T00:00:00,FRA,Pays de la Loire,-341,59,341,282,0,24
2020-04-04T00:00:00,FRA,Provence-Alpes-Côte d'Azur,-859,164,859,695,0,44
2020-04-04T00:00:00,CHE,Aargau,349,0,0,0,349,2
2020-04-04T00:00:00,CHE,Appenzell Ausserrhoden,43,0,0,0,43,2
2020-04-04T00:00:00,CHE,Appenzell Innerrhoden,11,0,0,0,11,0
2020-04-04T00:00:00,CHE,Baselland,422,0,0,0,422,5
2020-04-04T00:00:00,CHE,Basel-Stadt,505,0,0,0,505,12
2020-04-04T00:00:00,CHE,Bern,660,0,0,0,660,7
2020-04-04T00:00:00,CHE,Fribourg,309,0,0,0,309,11
2020-04-04T00:00:00,CHE,Genève,1743,0,0,0,1743,21
2020-04-04T00:00:00,CHE,Glarus,43,0,0,0,43,0
2020-04-04T00:00:00,CHE,Graubünden,373,0,0,0,373,9
2020-04-04T00:00:00,CHE,Jura,99,0,0,0,99,0
2020-04-04T00:00:00,CHE,Luzern,253,0,0,0,253,3
2020-04-04T00:00:00,CHE,Neuchatel,271,0,0,0,271,5
2020-04-04T00:00:00,CHE,Nidwalden,48,0,0,0,48,0
2020-04-04T00:00:00,CHE,Obwalden,27,0,0,0,27,0
2020-04-04T00:00:00,CHE,Schaffhausen,36,0,0,0,36,0
2020-04-04T00:00:00,CHE,Schwyz,99,0,0,0,99,1
2020-04-04T00:00:00,CHE,Solothurn,141,0,0,0,141,1
2020-04-04T00:00:00,CHE,St.Gallen,280,0,0,0,280,2
2020-04-04T00:00:00,CHE,Thurgau,110,0,0,0,110,1
2020-04-04T00:00:00,CHE,Ticino,1401,0,0,0,1401,67
2020-04-04T00:00:00,CHE,Uri,38,0,0,0,38,0
2020-04-04T00:00:00,CHE,Valais,715,0,0,0,715,15
2020-04-04T00:00:00,CHE,Vaud,2215,0,0,0,2215,21
2020-04-04T00:00:00,CHE,Zug,94,0,0,0,94,0
2020-04-04T00:00:00,CHE,Zürich,1578,0,0,0,1578,11
2020-04-04T00:00:00,MLT,Malta,202,0,0,0,202,0
2020-04-04T00:00:00,FIN,Ahvenanmaa,7,0,0,0,7,0
2020-04-04T00:00:00,FIN,Etelä-Karjala,9,0,0,0,9,0
2020-04-04T00:00:00,FIN,Etelä-Pohjanmaa,21,0,0,0,21,0
2020-04-04T00:00:00,FIN,Etelä-Savo,29,0,0,0,29,0
2020-04-04T00:00:00,FIN,HUS,1015,0,0,0,1015,0
2020-04-04T00:00:00,FIN,Itä-Savo,3,0,0,0,3,0
2020-04-04T00:00:00,FIN,Kainuu,8,0,0,0,8,0
2020-04-04T00:00:00,FIN,Kanta-Häme,23,0,0,0,23,0
2020-04-04T00:00:00,FIN,Keski-Pohjanmaa,7,0,0,0,7,0
2020-04-04T00:00:00,FIN,Keski-Suomi,54,0,0,0,54,0
2020-04-04T00:00:00,FIN,Kymenlaakso,12,0,0,0,12,0
2020-04-04T00:00:00,FIN,Länsi-Pohja,9,0,0,0,9,0
2020-04-04T00:00:00,FIN,Lappi,26,0,0,0,26,0
2020-04-04T00:00:00,FIN,NOT SPECIFIED,1025,0,0,0,1025,0
2020-04-04T00:00:00,FIN,Päijät-Häme,37,0,0,0,37,0
2020-04-04T00:00:00,FIN,Pirkanmaa,111,0,0,0,111,0
2020-04-04T00:00:00,FIN,Pohjois-Karjala,10,0,0,0,10,0
2020-04-04T00:00:00,FIN,Pohjois-Pohjanmaa,66,0,0,0,66,0
2020-04-04T00:00:00,FIN,Pohjois-Savo,43,0,0,0,43,0
2020-04-04T00:00:00,FIN,Satakunta,24,0,0,0,24,0
2020-04-04T00:00:00,FIN,Unknown,20,0,0,0,20,0
2020-04-04T00:00:00,FIN,Vaasa,21,0,0,0,21,0
2020-04-04T00:00:00,FIN,Varsinais-Suomi,80,0,0,0,80,0
2020-04-04T00:00:00,FIN,West North,2,0,0,0,2,0
2020-04-04T00:00:00,EST,Estonia,961,0,0,0,961,12
2020-04-04T00:00:00,DNK,Faroe,179,0,0,0,179,0
2020-04-04T00:00:00,DNK,Greenland,10,0,0,0,10,0
2020-04-04T00:00:00,DNK,Mainland,3672,0,0,0,3672,139
2020-04-04T00:00:00,CZE,Jihoceský,118,0,0,0,118,0
2020-04-04T00:00:00,CZE,Jihomoravský,245,0,0,0,245,0
2020-04-04T00:00:00,CZE,Karlovarský,139,0,0,0,139,0
2020-04-04T00:00:00,CZE,Královéhradecký,122,0,0,0,122,0
2020-04-04T00:00:00,CZE,Liberecký,140,0,0,0,140,0
2020-04-04T00:00:00,CZE,Moravskoslezský,351,0,0,0,351,0
2020-04-04T00:00:00,CZE,NOT SPECIFIED,0,0,0,0,0,53
2020-04-04T00:00:00,CZE,Olomoucký,362,0,0,0,362,0
2020-04-04T00:00:00,CZE,Pardubický,141,0,0,0,141,0
2020-04-04T00:00:00,CZE,Plzenský,186,0,0,0,186,0
2020-04-04T00:00:00,CZE,Prague,1072,0,0,0,1072,0
2020-04-04T00:00:00,CZE,Stredoceský,488,0,0,0,488,0
2020-04-04T00:00:00,CZE,Unknown,161,0,0,0,161,0
2020-04-04T00:00:00,CZE,Ústecký,273,0,0,0,273,0
2020-04-04T00:00:00,CZE,Vysocina,131,0,0,0,131,0
2020-04-04T00:00:00,CZE,Zlínský,162,0,0,0,162,0
2020-04-04T00:00:00,CYP,Cyprus,396,0,0,0,396,13
2020-04-04T00:00:00,HRV,Bjelovarsko-bilogorska,8,0,0,0,8,0
2020-04-04T00:00:00,HRV,Brodsko-Posavska,13,0,0,0,13,1
2020-04-04T00:00:00,HRV,Dubrovačko-neretvanska,55,0,0,0,55,0
2020-04-04T00:00:00,HRV,Grad Zagreb,298,0,0,0,298,4
2020-04-04T00:00:00,HRV,Istarska,73,0,0,0,73,2
2020-04-04T00:00:00,HRV,Karlovačka,21,0,0,0,21,1
2020-04-04T00:00:00,HRV,Koprivničko-križevačka,16,0,0,0,16,0
2020-04-04T00:00:00,HRV,Krapinsko-zagorska županija,69,0,0,0,69,0
2020-04-04T00:00:00,HRV,Ličko-senjska,2,0,0,0,2,0
2020-04-04T00:00:00,HRV,Međimurska,2,0,0,0,2,0
2020-04-04T00:00:00,HRV,Osječko-baranjska,71,0,0,0,71,0
2020-04-04T00:00:00,HRV,Požeško-slavonska,3,0,0,0,3,0
2020-04-04T00:00:00,HRV,Primorsko-Goranska,63,0,0,0,63,0
2020-04-04T00:00:00,HRV,Šibensko-kninska,29,0,0,0,29,0
2020-04-04T00:00:00,HRV,Sisačko-moslavačka,19,0,0,0,19,0
2020-04-04T00:00:00,HRV,Splitsko-Dalmatinska,154,0,0,0,154,0
2020-04-04T00:00:00,HRV,Unknow,1,0,0,0,1,0
2020-04-04T00:00:00,HRV,Varaždinska,27,0,0,0,27,0
2020-04-04T00:00:00,HRV,Virovitičko-podravska,4,0,0,0,4,0
2020-04-04T00:00:00,HRV,Vukovarsko-srijemska,16,0,0,0,16,0
2020-04-04T00:00:00,HRV,Zadarska,47,0,0,0,47,0
2020-04-04T00:00:00,HRV,Zagrebačka,89,0,0,0,89,0
2020-04-04T00:00:00,BIH,Bosnia and Herzegovina,288,0,0,0,288,12
2020-04-04T00:00:00,BLR,Belarus,254,0,0,0,254,4
2020-04-04T00:00:00,AND,Andorra,428,0,0,0,428,15
2020-04-04T00:00:00,UKR,Cherkasy,55,0,0,0,55,0
2020-04-04T00:00:00,UKR,Chernihiv,5,0,0,0,5,0
2020-04-04T00:00:00,UKR,Chernivtsi,171,0,0,0,171,0
2020-04-04T00:00:00,UKR,Dnipropetrovsk,12,0,0,0,12,0
2020-04-04T00:00:00,UKR,Donetsk,8,0,0,0,8,0
2020-04-04T00:00:00,UKR,Ivano-Frankivsk,81,0,0,0,81,0
2020-04-04T00:00:00,UKR,Kharkiv,1,0,0,0,1,0
2020-04-04T00:00:00,UKR,Kherson,4,0,0,0,4,0
2020-04-04T00:00:00,UKR,Khmelnytsky,7,0,0,0,7,0
2020-04-04T00:00:00,UKR,Kiev region,70,0,0,0,70,0
2020-04-04T00:00:00,UKR,Kirovograd,15,0,0,0,15,0
2020-04-04T00:00:00,UKR,Kyiv,180,0,0,0,180,0
2020-04-04T00:00:00,UKR,Lugansk,3,0,0,0,3,0
2020-04-04T00:00:00,UKR,Lviv,13,0,0,0,13,0
2020-04-04T00:00:00,UKR,Mykolaiv,1,0,0,0,1,0
2020-04-04T00:00:00,UKR,NOT SPECIFIED,0,0,0,0,0,20
2020-04-04T00:00:00,UKR,Odessa,20,0,0,0,20,0
2020-04-04T00:00:00,UKR,Poltava,5,0,0,0,5,0
2020-04-04T00:00:00,UKR,Rivne,25,0,0,0,25,0
2020-04-04T00:00:00,UKR,Sumy,30,0,0,0,30,0
2020-04-04T00:00:00,UKR,Ternopil,114,0,0,0,114,0
2020-04-04T00:00:00,UKR,Transcarpathian,24,0,0,0,24,0
2020-04-04T00:00:00,UKR,Vinnytsia,61,0,0,0,61,0
2020-04-04T00:00:00,UKR,Volyn,10,0,0,0,10,0
2020-04-04T00:00:00,UKR,Zaporizhzhia,22,0,0,0,22,0
2020-04-04T00:00:00,UKR,Zhytomyr,6,0,0,0,6,0
2020-04-04T00:00:00,TUR,Turkey,20921,0,0,0,20921,425
2020-04-04T00:00:00,SWE,Blekinge,27,0,0,0,27,0
2020-04-04T00:00:00,SWE,Dalarna,134,0,0,0,134,0
2020-04-04T00:00:00,SWE,Gävleborg,131,0,0,0,131,0
2020-04-04T00:00:00,SWE,Gotland,12,0,0,0,12,0
2020-04-04T00:00:00,SWE,Halland,105,0,0,0,105,0
2020-04-04T00:00:00,SWE,Jämtland,82,0,0,0,82,0
2020-04-04T00:00:00,SWE,Jönköping,155,0,0,0,155,0
2020-04-04T00:00:00,SWE,Kalmar,42,0,0,0,42,0
2020-04-04T00:00:00,SWE,Kronoberg,40,0,0,0,40,0
2020-04-04T00:00:00,SWE,Norrbotten,66,0,0,0,66,0
2020-04-04T00:00:00,SWE,NOT SPECIFIED,-429,429,429,0,0,282
2020-04-04T00:00:00,SWE,Örebro,121,0,0,0,121,0
2020-04-04T00:00:00,SWE,Östergötland,514,0,0,0,514,0
2020-04-04T00:00:00,SWE,Skåne,298,0,0,0,298,0
2020-04-04T00:00:00,SWE,Södermanland,335,0,0,0,335,0
2020-04-04T00:00:00,SWE,Stockholm,2439,0,0,0,2439,0
2020-04-04T00:00:00,SWE,Uppsala,222,0,0,0,222,0
2020-04-04T00:00:00,SWE,Värmland,52,0,0,0,52,0
2020-04-04T00:00:00,SWE,Västerbotten,68,0,0,0,68,0
2020-04-04T00:00:00,SWE,Västernorrland,57,0,0,0,57,0
2020-04-04T00:00:00,SWE,Västmanland,109,0,0,0,109,0
2020-04-04T00:00:00,SWE,Västra Götaland,457,0,0,0,457,0
2020-04-04T00:00:00,SVN,Gorenjske,62,0,0,0,62,0
2020-04-04T00:00:00,SVN,Goriške,15,0,0,0,15,0
2020-04-04T00:00:00,SVN,Jugovzhodne,105,0,0,0,105,0
2020-04-04T00:00:00,SVN,Koroške,35,0,0,0,35,0
2020-04-04T00:00:00,SVN,Obalno-kraške,19,0,0,0,19,0
2020-04-04T00:00:00,SVN,Osrednjeslovenske,304,0,0,0,304,0
2020-04-04T00:00:00,SVN,Podravske,66,0,0,0,66,0
2020-04-04T00:00:00,SVN,Podravske,,71,0,0,0,71,0
2020-04-04T00:00:00,SVN,Pomurske,72,0,0,0,72,0
2020-04-04T00:00:00,SVN,Posavske,10,0,0,0,10,0
2020-04-04T00:00:00,SVN,Primorsko-notranjske,29,0,0,0,29,0
2020-04-04T00:00:00,SVN,Savinjske,187,0,0,0,187,0
2020-04-04T00:00:00,SVN,Slovenia,730,0,0,0,730,12
2020-04-04T00:00:00,SVN,Zasavske,19,0,0,0,19,0
2020-04-04T00:00:00,SVK,Banská Bystrica,18,0,0,0,18,0
2020-04-04T00:00:00,SVK,Bratislava,157,0,0,0,157,0
2020-04-04T00:00:00,SVK,Košice,19,0,0,0,19,0
2020-04-04T00:00:00,SVK,Nitra,31,0,0,0,31,0
2020-04-04T00:00:00,SVK,Prešov,30,0,0,0,30,0
2020-04-04T00:00:00,SVK,Trencín,55,0,0,0,55,0
2020-04-04T00:00:00,SVK,Trnava,39,0,0,0,39,0
2020-04-04T00:00:00,SVK,Unknown,3,0,0,0,3,0
2020-04-04T00:00:00,SVK,Zilina,48,0,0,0,48,0
2020-04-04T00:00:00,SRB,Serbia,1171,0,0,0,1171,31
2020-04-04T00:00:00,SMR,San Marino,236,0,0,0,236,8
2020-04-04T00:00:00,SMR,San_Marino,245,0,0,0,245,30
2020-04-04T00:00:00,RUS,Adygea,5,0,0,0,5,0
2020-04-04T00:00:00,RUS,Altai,4,0,0,0,4,0
2020-04-04T00:00:00,RUS,Amur,1,0,0,0,1,0
2020-04-04T00:00:00,RUS,Arkhangelsk,7,0,0,0,7,0
2020-04-04T00:00:00,RUS,Astrakhan,2,0,0,0,2,0
2020-04-04T00:00:00,RUS,Bashkortostan,10,0,0,0,10,0
2020-04-04T00:00:00,RUS,Belgorod,6,0,0,0,6,0
2020-04-04T00:00:00,RUS,Bryansk,5,0,0,0,5,0
2020-04-04T00:00:00,RUS,Buryatia,30,0,0,0,30,0
2020-04-04T00:00:00,RUS,Chechnya,10,0,0,0,10,0
2020-04-04T00:00:00,RUS,Chelyabinsk,21,0,0,0,21,0
2020-04-04T00:00:00,RUS,Chuvashia,1,0,0,0,1,0
2020-04-04T00:00:00,RUS,Dagestan,25,0,0,0,25,0
2020-04-04T00:00:00,RUS,Irkutsk,7,0,0,0,7,0
2020-04-04T00:00:00,RUS,Ivanovo,11,0,0,0,11,0
2020-04-04T00:00:00,RUS,Kabardino-Balkaria,8,0,0,0,8,0
2020-04-04T00:00:00,RUS,Kaliningrad,19,0,0,0,19,0
2020-04-04T00:00:00,RUS,Kalmykia,2,0,0,0,2,0
2020-04-04T00:00:00,RUS,Kaluga,4,0,0,0,4,0
2020-04-04T00:00:00,RUS,Kemerovo,3,0,0,0,3,0
2020-04-04T00:00:00,RUS,Khabarovsk,9,0,0,0,9,0
2020-04-04T00:00:00,RUS,Khakassia,3,0,0,0,3,0
2020-04-04T00:00:00,RUS,Khanty-Mansi AO,8,0,0,0,8,0
2020-04-04T00:00:00,RUS,Kirov,12,0,0,0,12,0
2020-04-04T00:00:00,RUS,Komi Republic,56,0,0,0,56,0
2020-04-04T00:00:00,RUS,Kostroma,3,0,0,0,3,0
2020-04-04T00:00:00,RUS,Krasnodar,22,0,0,0,22,0
2020-04-04T00:00:00,RUS,Krasnoyarsk,25,0,0,0,25,0
2020-04-04T00:00:00,RUS,Kurgan,1,0,0,0,1,0
2020-04-04T00:00:00,RUS,Kursk,3,0,0,0,3,0
2020-04-04T00:00:00,RUS,Leningrad,31,0,0,0,31,0
2020-04-04T00:00:00,RUS,Lipetsk,15,0,0,0,15,0
2020-04-04T00:00:00,RUS,Magadan,1,0,0,0,1,0
2020-04-04T00:00:00,RUS,Mari El,4,0,0,0,4,0
2020-04-04T00:00:00,RUS,Mordovia,4,0,0,0,4,0
2020-04-04T00:00:00,RUS,Moscow,2652,0,0,0,2652,0
2020-04-04T00:00:00,RUS,Murmansk,15,0,0,0,15,0
2020-04-04T00:00:00,RUS,Nizhny Novgorod,25,0,0,0,25,0
2020-04-04T00:00:00,RUS,North Ossetia-Alania,4,0,0,0,4,0
2020-04-04T00:00:00,RUS,NOT SPECIFIED,0,0,0,0,0,30
2020-04-04T00:00:00,RUS,Novgorod,3,0,0,0,3,0
2020-04-04T00:00:00,RUS,Novosibirsk,10,0,0,0,10,0
2020-04-04T00:00:00,RUS,Omsk,9,0,0,0,9,0
2020-04-04T00:00:00,RUS,Orenburg,12,0,0,0,12,0
2020-04-04T00:00:00,RUS,Oryol,3,0,0,0,3,0
2020-04-04T00:00:00,RUS,Penza,16,0,0,0,16,0
2020-04-04T00:00:00,RUS,Perm,20,0,0,0,20,0
2020-04-04T00:00:00,RUS,Primorsky,5,0,0,0,5,0
2020-04-04T00:00:00,RUS,Pskov,9,0,0,0,9,0
2020-04-04T00:00:00,RUS,Republic of Crimea,21,0,0,0,21,0
2020-04-04T00:00:00,RUS,Rostov,9,0,0,0,9,0
2020-04-04T00:00:00,RUS,Ryazan,5,0,0,0,5,0
2020-04-04T00:00:00,RUS,Saint Petersburg,147,0,0,0,147,0
2020-04-04T00:00:00,RUS,Sakhalin,5,0,0,0,5,0
2020-04-04T00:00:00,RUS,Samara,17,0,0,0,17,0
2020-04-04T00:00:00,RUS,Saratov,15,0,0,0,15,0
2020-04-04T00:00:00,RUS,Smolensk,1,0,0,0,1,0
2020-04-04T00:00:00,RUS,Stavropol,11,0,0,0,11,0
2020-04-04T00:00:00,RUS,Sverdlovsk,38,0,0,0,38,0
2020-04-04T00:00:00,RUS,Tambov,6,0,0,0,6,0
2020-04-04T00:00:00,RUS,Tatarstan,19,0,0,0,19,0
2020-04-04T00:00:00,RUS,Tomsk,3,0,0,0,3,0
2020-04-04T00:00:00,RUS,Tula,17,0,0,0,17,0
2020-04-04T00:00:00,RUS,Tver,5,0,0,0,5,0
2020-04-04T00:00:00,RUS,Tyumen,6,0,0,0,6,0
2020-04-04T00:00:00,RUS,Udmurtia,4,0,0,0,4,0
2020-04-04T00:00:00,RUS,Ulyanovsk,1,0,0,0,1,0
2020-04-04T00:00:00,RUS,Vladimir,3,0,0,0,3,0
2020-04-04T00:00:00,RUS,Volgograd,8,0,0,0,8,0
2020-04-04T00:00:00,RUS,Vologda,12,0,0,0,12,0
2020-04-04T00:00:00,RUS,Voronezh,12,0,0,0,12,0
2020-04-04T00:00:00,RUS,Yakutia,15,0,0,0,15,0
2020-04-04T00:00:00,RUS,Yamalo-Nenets AO,2,0,0,0,2,0
2020-04-04T00:00:00,RUS,Yaroslavl,3,0,0,0,3,0
2020-04-04T00:00:00,RUS,Zabaykalsky,1,0,0,0,1,0
2020-04-04T00:00:00,ROU,Alba,1,0,0,0,1,0
2020-04-04T00:00:00,ROU,Arad,0,0,0,0,0,11
2020-04-04T00:00:00,ROU,Bacau,0,0,0,0,0,4
2020-04-04T00:00:00,ROU,Bihor,5,0,0,0,5,0
2020-04-04T00:00:00,ROU,Bistrița-Năsăud,0,0,0,0,0,5
2020-04-04T00:00:00,ROU,Botosani,0,0,0,0,0,1
2020-04-04T00:00:00,ROU,Bralia,2,0,0,0,2,0
2020-04-04T00:00:00,ROU,Brasov,15,0,0,0,15,0
2020-04-04T00:00:00,ROU,Bucuresti,0,0,0,0,0,12
2020-04-04T00:00:00,ROU,Buzau,5,0,0,0,5,0
2020-04-04T00:00:00,ROU,Calarasi,2,0,0,0,2,0
2020-04-04T00:00:00,ROU,Caras-Severin,0,0,0,0,0,2
2020-04-04T00:00:00,ROU,Cluj,0,0,0,0,0,1
2020-04-04T00:00:00,ROU,Constanta,0,0,0,0,0,2
2020-04-04T00:00:00,ROU,Covasna,0,0,0,0,0,1
2020-04-04T00:00:00,ROU,Dambovita,0,0,0,0,0,2
2020-04-04T00:00:00,ROU,Dolj,0,0,0,0,0,2
2020-04-04T00:00:00,ROU,Galati,0,0,0,0,0,2
2020-04-04T00:00:00,ROU,Giurgiu,2,0,0,0,2,0
2020-04-04T00:00:00,ROU,Gorj,3,0,0,0,3,0
2020-04-04T00:00:00,ROU,Hunedoara,0,0,0,0,0,11
2020-04-04T00:00:00,ROU,Ialomita,0,0,0,0,0,9
2020-04-04T00:00:00,ROU,Iasi,0,0,0,0,0,2
2020-04-04T00:00:00,ROU,Ilfov,0,0,0,0,0,1
2020-04-04T00:00:00,ROU,Maramureș,15,0,0,0,15,0
2020-04-04T00:00:00,ROU,Mehedinti,0,0,0,0,0,1
2020-04-04T00:00:00,ROU,Mures,0,0,0,0,0,2
2020-04-04T00:00:00,ROU,Neamt,0,0,0,0,0,6
2020-04-04T00:00:00,ROU,Olt,2,0,0,0,2,0
2020-04-04T00:00:00,ROU,Prahova,2,0,0,0,2,0
2020-04-04T00:00:00,ROU,Salaj,1,0,0,0,1,0
2020-04-04T00:00:00,ROU,Satu Mare,0,0,0,0,0,2
2020-04-04T00:00:00,ROU,Suceava,0,0,0,0,0,41
2020-04-04T00:00:00,ROU,Teleorman,0,0,0,0,0,1
2020-04-04T00:00:00,ROU,Timis,0,0,0,0,0,7
2020-04-04T00:00:00,ROU,Tulcea,5,0,0,0,5,0
2020-04-04T00:00:00,ROU,Unknown,3183,0,0,0,3183,4
2020-04-04T00:00:00,ROU,Valcea,2,0,0,0,2,0
2020-04-04T00:00:00,ROU,Vrancea,0,0,0,0,0,1
2020-04-04T00:00:00,POL,Dolnośląskie,384,0,0,0,384,6
2020-04-04T00:00:00,POL,Kujawsko-pomorskie,160,0,0,0,160,1
2020-04-04T00:00:00,POL,Łódzkie,236,0,0,0,236,1
2020-04-04T00:00:00,POL,Lubelskie,155,0,0,0,155,6
2020-04-04T00:00:00,POL,Lubuskie,50,0,0,0,50,0
2020-04-04T00:00:00,POL,Małopolskie,258,0,0,0,258,5
2020-04-04T00:00:00,POL,Mazowieckie,802,0,0,0,802,14
2020-04-04T00:00:00,POL,Opolskie,79,0,0,0,79,1
2020-04-04T00:00:00,POL,Podkarpackie,125,0,0,0,125,4
2020-04-04T00:00:00,POL,Podlaskie,67,0,0,0,67,0
2020-04-04T00:00:00,POL,Pomorskie,75,0,0,0,75,0
2020-04-04T00:00:00,POL,Śląskie,431,0,0,0,431,14
2020-04-04T00:00:00,POL,Świętokrzyskie,71,0,0,0,71,1
2020-04-04T00:00:00,POL,Warmińsko-mazurskie,72,0,0,0,72,0
2020-04-04T00:00:00,POL,Wielkopolskie,212,0,0,0,212,10
2020-04-04T00:00:00,POL,Zachodniopomorskie,89,0,0,0,89,2
2020-04-04T00:00:00,NOR,Agder,221,0,0,0,221,0
2020-04-04T00:00:00,NOR,Innlandet,350,0,0,0,350,0
2020-04-04T00:00:00,NOR,Møre og Romsdal,106,0,0,0,106,0
2020-04-04T00:00:00,NOR,Nordland,71,0,0,0,71,0
2020-04-04T00:00:00,NOR,NOT SPECIFIED,0,0,0,0,0,44
2020-04-04T00:00:00,NOR,Oslo,1438,0,0,0,1438,0
2020-04-04T00:00:00,NOR,Outside mainland Norway,1,0,0,0,1,0
2020-04-04T00:00:00,NOR,Rogaland,351,0,0,0,351,0
2020-04-04T00:00:00,NOR,Troms og Finnmark,176,0,0,0,176,0
2020-04-04T00:00:00,NOR,Trøndelag,352,0,0,0,352,0
2020-04-04T00:00:00,NOR,Unknown,1,0,0,0,1,0
2020-04-04T00:00:00,NOR,Unknown county,3,0,0,0,3,0
2020-04-04T00:00:00,NOR,Vestfold og Telemark,201,0,0,0,201,0
2020-04-04T00:00:00,NOR,Vestland,525,0,0,0,525,0
2020-04-04T00:00:00,NOR,Viken,1416,0,0,0,1416,0
2020-04-04T00:00:00,MKD,North Macedonia,354,0,0,0,354,11
2020-04-04T00:00:00,MNE,Montenegro,160,0,0,0,160,2
2020-04-04T00:00:00,MCO,Monaco,64,0,0,0,64,1
2020-04-04T00:00:00,MDA,Kishinev,423,0,0,0,423,5
2020-04-04T00:00:00,MDA,Moldova,505,0,0,0,505,6
2020-04-04T00:00:00,LUX,Luxembourg,2612,0,0,0,2612,31
2020-04-04T00:00:00,LTU,Lithuania,696,0,0,0,696,9
2020-04-04T00:00:00,LIE,Liechtenstein,75,0,0,0,75,0
2020-04-04T00:00:00,LIE,NOT SPECIFIED,0,0,0,0,0,0
2020-04-04T00:00:00,LVA,Latvia,493,0,0,0,493,0
2020-04-04T00:00:00,IRL,Ireland,3849,0,0,0,3849,98
2020-04-04T00:00:00,ISL,Abroad,0,0,0,0,0,0
2020-04-04T00:00:00,ISL,East Iceland,6,0,0,0,6,0
2020-04-04T00:00:00,ISL,Greater Reykjavík,1006,0,0,0,1006,0
2020-04-04T00:00:00,ISL,Northeast Iceland,37,0,0,0,37,0
2020-04-04T00:00:00,ISL,Northwest Iceland,32,0,0,0,32,0
2020-04-04T00:00:00,ISL,NOT SPECIFIED,38,0,0,0,38,0
2020-04-04T00:00:00,ISL,South Iceland,128,0,0,0,128,0
2020-04-04T00:00:00,ISL,Suðurnes Peninsula,64,0,0,0,64,0
2020-04-04T00:00:00,ISL,West Fjords,27,0,0,0,27,0
2020-04-04T00:00:00,ISL,West Iceland,26,0,0,0,26,0
2020-04-04T00:00:00,GRC,Achaea,22,0,0,0,22,1
2020-04-04T00:00:00,GRC,Argolis,1,0,0,0,1,0
2020-04-04T00:00:00,GRC,Arkadias,3,0,0,0,3,0
2020-04-04T00:00:00,GRC,Arta,7,0,0,0,7,0
2020-04-04T00:00:00,GRC,Athens,641,0,0,0,641,27
2020-04-04T00:00:00,GRC,Athos,4,0,0,0,4,0
2020-04-04T00:00:00,GRC,Beozia,1,0,0,0,1,0
2020-04-04T00:00:00,GRC,Chania,1,0,0,0,1,0
2020-04-04T00:00:00,GRC,Corfu,1,0,0,0,1,0
2020-04-04T00:00:00,GRC,Corinth,2,0,0,0,2,0
2020-04-04T00:00:00,GRC,Cyclades,1,0,0,0,1,0
2020-04-04T00:00:00,GRC,Dodecaneso,1,0,0,0,1,0
2020-04-04T00:00:00,GRC,Drama,3,0,0,0,3,0
2020-04-04T00:00:00,GRC,East Attica,57,0,0,0,57,0
2020-04-04T00:00:00,GRC,Elis,46,0,0,0,46,2
2020-04-04T00:00:00,GRC,Euboea,23,0,0,0,23,0
2020-04-04T00:00:00,GRC,Evros,6,0,0,0,6,1
2020-04-04T00:00:00,GRC,Florina,1,0,0,0,1,0
2020-04-04T00:00:00,GRC,Heraklion,10,0,0,0,10,1
2020-04-04T00:00:00,GRC,Ikaria,1,0,0,0,1,0
2020-04-04T00:00:00,GRC,Ioannina,2,0,0,0,2,0
2020-04-04T00:00:00,GRC,Kastoria,36,0,0,0,36,8
2020-04-04T00:00:00,GRC,Kavalas,3,0,0,0,3,0
2020-04-04T00:00:00,GRC,Kefalonia,1,0,0,0,1,0
2020-04-04T00:00:00,GRC,Khalkidiki,1,0,0,0,1,0
2020-04-04T00:00:00,GRC,Khios,1,0,0,0,1,0
2020-04-04T00:00:00,GRC,Kilkis,3,0,0,0,3,0
2020-04-04T00:00:00,GRC,Kozani,16,0,0,0,16,8
2020-04-04T00:00:00,GRC,Laconia,1,0,0,0,1,0
2020-04-04T00:00:00,GRC,Larissa,13,0,0,0,13,0
2020-04-04T00:00:00,GRC,Lasithi,2,0,0,0,2,0
2020-04-04T00:00:00,GRC,Lefkadas,1,0,0,0,1,0
2020-04-04T00:00:00,GRC,Lesbos,8,0,0,0,8,1
2020-04-04T00:00:00,GRC,Magnesia,2,0,0,0,2,0
2020-04-04T00:00:00,GRC,Messinia,7,0,0,0,7,0
2020-04-04T00:00:00,GRC,Pella,7,0,0,0,7,2
2020-04-04T00:00:00,GRC,Pieria,3,0,0,0,3,0
2020-04-04T00:00:00,GRC,Pireas,176,0,0,0,176,0
2020-04-04T00:00:00,GRC,Prevezas,2,0,0,0,2,0
2020-04-04T00:00:00,GRC,Rethymnon,1,0,0,0,1,0
2020-04-04T00:00:00,GRC,Serron,9,0,0,0,9,0
2020-04-04T00:00:00,GRC,Tessaloniki,32,0,0,0,32,5
2020-04-04T00:00:00,GRC,Trikalon,1,0,0,0,1,0
2020-04-04T00:00:00,GRC,Unknown,423,0,0,0,423,0
2020-04-04T00:00:00,GRC,West Attica,4,0,0,0,4,0
2020-04-04T00:00:00,GRC,Xanthis,22,0,0,0,22,5
2020-04-04T00:00:00,GRC,Zakynthos,5,0,0,0,5,1
2020-04-04T00:00:00,BGR,Blagoevgrad,15,0,0,0,15,3
2020-04-04T00:00:00,BGR,Burgas,21,0,0,0,21,0
2020-04-04T00:00:00,BGR,Dobrich,10,0,0,0,10,0
2020-04-04T00:00:00,BGR,Gabrovo,2,0,0,0,2,0
2020-04-04T00:00:00,BGR,Haskovo,2,0,0,0,2,0
2020-04-04T00:00:00,BGR,Kardzhali,8,0,0,0,8,0
2020-04-04T00:00:00,BGR,Kyustendil,7,0,0,0,7,3
2020-04-04T00:00:00,BGR,Lovech,1,0,0,0,1,0
2020-04-04T00:00:00,BGR,Montana,18,0,0,0,18,0
2020-04-04T00:00:00,BGR,Pazardzhik,8,0,0,0,8,0
2020-04-04T00:00:00,BGR,Pernik,6,0,0,0,6,0
2020-04-04T00:00:00,BGR,Pleven,9,0,0,0,9,0
2020-04-04T00:00:00,BGR,Plovdiv,29,0,0,0,29,0
2020-04-04T00:00:00,BGR,Ruse,1,0,0,0,1,0
2020-04-04T00:00:00,BGR,Shumen,4,0,0,0,4,0
2020-04-04T00:00:00,BGR,Silistra,2,0,0,0,2,0
2020-04-04T00:00:00,BGR,Sliven,5,0,0,0,5,0
2020-04-04T00:00:00,BGR,Smolyan,13,0,0,0,13,0
2020-04-04T00:00:00,BGR,Sofia City,292,0,0,0,292,7
2020-04-04T00:00:00,BGR,Stara Zagora,3,0,0,0,3,1
2020-04-04T00:00:00,BGR,Unknown,4,0,0,0,4,0
2020-04-04T00:00:00,BGR,Varna,23,0,0,0,23,0
2020-04-04T00:00:00,BGR,Veliko Tarnovo,4,0,0,0,4,0
2020-04-04T00:00:00,BGR,Vidin,2,0,0,0,2,0
2020-04-04T00:00:00,ALB,Berat,1,0,0,0,1,0
2020-04-04T00:00:00,ALB,Durrës,35,0,0,0,35,3
2020-04-04T00:00:00,ALB,Elbasan,8,0,0,0,8,0
2020-04-04T00:00:00,ALB,Fier,27,0,0,0,27,2
2020-04-04T00:00:00,ALB,Korca,3,0,0,0,3,0
2020-04-04T00:00:00,ALB,Korçë,16,0,0,0,16,0
2020-04-04T00:00:00,ALB,Kukës,12,0,0,0,12,1
2020-04-04T00:00:00,ALB,Lezhë,8,0,0,0,8,0
2020-04-04T00:00:00,ALB,Shkodër,14,0,0,0,14,0
2020-04-04T00:00:00,ALB,Tirane,63,0,0,0,63,0
2020-04-04T00:00:00,ALB,Tiranë,151,0,0,0,151,9
2020-04-04T00:00:00,ALB,Vlorë,5,0,0,0,5,1
2020-04-04T00:00:00,PRT,Açores,57,0,0,0,57,0
2020-04-04T00:00:00,PRT,Alentejo,59,0,0,0,59,0
2020-04-04T00:00:00,PRT,Algarve,164,0,0,0,164,3
2020-04-04T00:00:00,PRT,Centro,1161,0,0,0,1161,55
2020-04-04T00:00:00,PRT,Estrageiro,21,0,0,0,21,0
2020-04-04T00:00:00,PRT,Lisbon,2207,0,0,0,2207,44
2020-04-04T00:00:00,PRT,Madeira,48,0,0,0,48,0
2020-04-04T00:00:00,PRT,Norte,5338,0,0,0,5338,107
2020-04-04T00:00:00,AUT,Burgenland,206,0,0,0,206,0
2020-04-04T00:00:00,AUT,Kärnten,304,0,0,0,304,0
2020-04-04T00:00:00,AUT,Niederösterreich,1828,0,0,0,1828,0
2020-04-04T00:00:00,AUT,Oberösterreich,1836,0,0,0,1836,0
2020-04-04T00:00:00,AUT,Salzburg,1038,0,0,0,1038,0
2020-04-04T00:00:00,AUT,Steiermark,1205,0,0,0,1205,0
2020-04-04T00:00:00,AUT,Tirol,2595,0,0,0,2595,0
2020-04-04T00:00:00,AUT,Vorarlberg,710,0,0,0,710,0
2020-04-04T00:00:00,AUT,Wien,1661,0,0,0,1661,0
2020-04-04T00:00:00,ESP,Andalucía,6972,0,0,0,6972,343
2020-04-04T00:00:00,ESP,Aragón,2700,0,0,0,2700,200
2020-04-04T00:00:00,ESP,Canarias,1444,0,0,0,1444,68
2020-04-04T00:00:00,ESP,Cantabria,1268,0,0,0,1268,60
2020-04-04T00:00:00,ESP,Castilla y León,7355,0,0,0,7355,641
2020-04-04T00:00:00,ESP,Castilla-La Mancha,7682,0,0,0,7682,854
2020-04-04T00:00:00,ESP,Cataluña,21804,0,0,0,21804,2093
2020-04-04T00:00:00,ESP,Ciudad Autónoma de Ceuta,55,0,0,0,55,1
2020-04-04T00:00:00,ESP,Ciudad Autónoma de Melilla,62,0,0,0,62,1
2020-04-04T00:00:00,ESP,Comunidad de Madrid,32155,0,0,0,32155,4175
2020-04-04T00:00:00,ESP,Comunidad Foral de Navarra,2682,0,0,0,2682,141
2020-04-04T00:00:00,ESP,Comunidad Valenciana,6308,0,0,0,6308,443
2020-04-04T00:00:00,ESP,Extremadura,1837,0,0,0,1837,181
2020-04-04T00:00:00,ESP,Galicia,4842,0,0,0,4842,120
2020-04-04T00:00:00,ESP,Illes Balears,1204,0,0,0,1204,58
2020-04-04T00:00:00,ESP,La Rioja,2083,0,0,0,2083,101
2020-04-04T00:00:00,ESP,País Vasco,7317,0,0,0,7317,412
2020-04-04T00:00:00,ESP,Principado de Asturias,1384,0,0,0,1384,69
2020-04-04T00:00:00,ESP,Región de Murcia,1084,0,0,0,1084,42
2020-04-04T00:00:00,WWW,Afghanistan,235,0,0,0,235,4
2020-04-04T00:00:00,WWW,Albania,277,0,0,0,277,16
2020-04-04T00:00:00,WWW,Algeria,847,0,0,0,847,58
2020-04-04T00:00:00,WWW,Andorra,428,0,0,0,428,15
2020-04-04T00:00:00,WWW,Angola,8,0,0,0,8,2
2020-04-04T00:00:00,WWW,Anguilla,3,0,0,0,3,0
2020-04-04T00:00:00,WWW,Antigua and Barbuda,9,0,0,0,9,0
2020-04-04T00:00:00,WWW,Argentina,1133,0,0,0,1133,34
2020-04-04T00:00:00,WWW,Armenia,663,0,0,0,663,4
2020-04-04T00:00:00,WWW,Aruba,60,0,0,0,60,0
2020-04-04T00:00:00,WWW,Australia,5224,0,0,0,5224,23
2020-04-04T00:00:00,WWW,Austria,11129,0,0,0,11129,158
2020-04-04T00:00:00,WWW,Azerbaijan,400,0,0,0,400,5
2020-04-04T00:00:00,WWW,Bahamas,24,0,0,0,24,1
2020-04-04T00:00:00,WWW,Bahrain,643,0,0,0,643,4
2020-04-04T00:00:00,WWW,Bangladesh,56,0,0,0,56,6
2020-04-04T00:00:00,WWW,Barbados,45,0,0,0,45,0
2020-04-04T00:00:00,WWW,Belarus,254,0,0,0,254,4
2020-04-04T00:00:00,WWW,Belgium,15348,0,0,0,15348,1011
2020-04-04T00:00:00,WWW,Belize,3,0,0,0,3,0
2020-04-04T00:00:00,WWW,Benin,13,0,0,0,13,0
2020-04-04T00:00:00,WWW,Bermuda,35,0,0,0,35,0
2020-04-04T00:00:00,WWW,Bhutan,5,0,0,0,5,0
2020-04-04T00:00:00,WWW,Bolivia,132,0,0,0,132,9
2020-04-04T00:00:00,WWW,Bonaire, Saint Eustatius and Saba,2,0,0,0,2,0
2020-04-04T00:00:00,WWW,Bosnia and Herzegovina,532,0,0,0,532,17
2020-04-04T00:00:00,WWW,Botswana,4,0,0,0,4,1
2020-04-04T00:00:00,WWW,Brazil,7910,0,0,0,7910,299
2020-04-04T00:00:00,WWW,British Virgin Islands,3,0,0,0,3,0
2020-04-04T00:00:00,WWW,Brunei Darussalam,133,0,0,0,133,1
2020-04-04T00:00:00,WWW,Bulgaria,457,0,0,0,457,10
2020-04-04T00:00:00,WWW,Burkina Faso,288,0,0,0,288,16
2020-04-04T00:00:00,WWW,Burundi,3,0,0,0,3,0
2020-04-04T00:00:00,WWW,Cambodia,114,0,0,0,114,0
2020-04-04T00:00:00,WWW,Cameroon,271,0,0,0,271,7
2020-04-04T00:00:00,WWW,Canada,11268,0,0,0,11268,138
2020-04-04T00:00:00,WWW,Cape Verde,6,0,0,0,6,1
2020-04-04T00:00:00,WWW,Cases on an international conveyance Japan,696,0,0,0,696,7
2020-04-04T00:00:00,WWW,Cayman Islands,28,0,0,0,28,1
2020-04-04T00:00:00,WWW,Central African Republic,8,0,0,0,8,0
2020-04-04T00:00:00,WWW,Chad,7,0,0,0,7,0
2020-04-04T00:00:00,WWW,Chile,3404,0,0,0,3404,18
2020-04-04T00:00:00,WWW,China,82465,0,0,0,82465,3326
2020-04-04T00:00:00,WWW,Colombia,1161,0,0,0,1161,19
2020-04-04T00:00:00,WWW,Congo,41,0,0,0,41,3
2020-04-04T00:00:00,WWW,Costa Rica,396,0,0,0,396,2
2020-04-04T00:00:00,WWW,Cote dIvoire,194,0,0,0,194,1
2020-04-04T00:00:00,WWW,Croatia,1011,0,0,0,1011,7
2020-04-04T00:00:00,WWW,Cuba,233,0,0,0,233,6
2020-04-04T00:00:00,WWW,Curaçao,11,0,0,0,11,1
2020-04-04T00:00:00,WWW,Cyprus,356,0,0,0,356,9
2020-04-04T00:00:00,WWW,Czech Republic,3858,0,0,0,3858,44
2020-04-04T00:00:00,WWW,Democratic Republic of the Congo,123,0,0,0,123,11
2020-04-04T00:00:00,WWW,Denmark,3386,0,0,0,3386,123
2020-04-04T00:00:00,WWW,Djibouti,41,0,0,0,41,0
2020-04-04T00:00:00,WWW,Dominica,12,0,0,0,12,0
2020-04-04T00:00:00,WWW,Dominican Republic,1380,0,0,0,1380,60
2020-04-04T00:00:00,WWW,Ecuador,3163,0,0,0,3163,120
2020-04-04T00:00:00,WWW,Egypt,779,0,0,0,779,52
2020-04-04T00:00:00,WWW,El Salvador,46,0,0,0,46,2
2020-04-04T00:00:00,WWW,Equatorial Guinea,15,0,0,0,15,0
2020-04-04T00:00:00,WWW,Eritrea,22,0,0,0,22,0
2020-04-04T00:00:00,WWW,Estonia,858,0,0,0,858,11
2020-04-04T00:00:00,WWW,Eswatini,9,0,0,0,9,0
2020-04-04T00:00:00,WWW,Ethiopia,29,0,0,0,29,0
2020-04-04T00:00:00,WWW,Faroe Islands,177,0,0,0,177,0
2020-04-04T00:00:00,WWW,Fiji,7,0,0,0,7,0
2020-04-04T00:00:00,WWW,Finland,1518,0,0,0,1518,19
2020-04-04T00:00:00,WWW,France,59105,0,0,0,59105,4503
2020-04-04T00:00:00,WWW,French Polynesia,37,0,0,0,37,0
2020-04-04T00:00:00,WWW,Gabon,18,0,0,0,18,1
2020-04-04T00:00:00,WWW,Gambia,4,0,0,0,4,1
2020-04-04T00:00:00,WWW,Georgia,121,0,0,0,121,0
2020-04-04T00:00:00,WWW,Germany,73522,0,0,0,73522,872
2020-04-04T00:00:00,WWW,Ghana,204,0,0,0,204,5
2020-04-04T00:00:00,WWW,Gibraltar,88,0,0,0,88,1
2020-04-04T00:00:00,WWW,Greece,1514,0,0,0,1514,53
2020-04-04T00:00:00,WWW,Greenland,10,0,0,0,10,0
2020-04-04T00:00:00,WWW,Grenada,10,0,0,0,10,0
2020-04-04T00:00:00,WWW,Guam,82,0,0,0,82,3
2020-04-04T00:00:00,WWW,Guatemala,47,0,0,0,47,1
2020-04-04T00:00:00,WWW,Guernsey,91,0,0,0,91,0
2020-04-04T00:00:00,WWW,Guinea,52,0,0,0,52,0
2020-04-04T00:00:00,WWW,Guinea Bissau,9,0,0,0,9,0
2020-04-04T00:00:00,WWW,Guyana,19,0,0,0,19,4
2020-04-04T00:00:00,WWW,Haiti,18,0,0,0,18,0
2020-04-04T00:00:00,WWW,Holy See,6,0,0,0,6,0
2020-04-04T00:00:00,WWW,Honduras,222,0,0,0,222,15
2020-04-04T00:00:00,WWW,Hungary,585,0,0,0,585,21
2020-04-04T00:00:00,WWW,Iceland,1319,0,0,0,1319,4
2020-04-04T00:00:00,WWW,India,2301,0,0,0,2301,56
2020-04-04T00:00:00,WWW,Indonesia,1790,0,0,0,1790,170
2020-04-04T00:00:00,WWW,Iran,50468,0,0,0,50468,3160
2020-04-04T00:00:00,WWW,Iraq,772,0,0,0,772,54
2020-04-04T00:00:00,WWW,Ireland,3849,0,0,0,3849,98
2020-04-04T00:00:00,WWW,Isle of Man,71,0,0,0,71,1
2020-04-04T00:00:00,WWW,Israel,6252,0,0,0,6252,34
2020-04-04T00:00:00,WWW,Italy,115242,0,0,0,115242,13917
2020-04-04T00:00:00,WWW,Jamaica,47,0,0,0,47,3
2020-04-04T00:00:00,WWW,Japan,2617,0,0,0,2617,63
2020-04-04T00:00:00,WWW,Jersey,81,0,0,0,81,2
2020-04-04T00:00:00,WWW,Jordan,299,0,0,0,299,5
2020-04-04T00:00:00,WWW,Kazakhstan,386,0,0,0,386,3
2020-04-04T00:00:00,WWW,Kenya,110,0,0,0,110,3
2020-04-04T00:00:00,WWW,Kosovo,125,0,0,0,125,1
2020-04-04T00:00:00,WWW,Kuwait,342,0,0,0,342,0
2020-04-04T00:00:00,WWW,Kyrgyzstan,125,0,0,0,125,1
2020-04-04T00:00:00,WWW,Laos,10,0,0,0,10,0
2020-04-04T00:00:00,WWW,Latvia,458,0,0,0,458,0
2020-04-04T00:00:00,WWW,Lebanon,494,0,0,0,494,16
2020-04-04T00:00:00,WWW,Liberia,6,0,0,0,6,0
2020-04-04T00:00:00,WWW,Libya,11,0,0,0,11,1
2020-04-04T00:00:00,WWW,Liechtenstein,75,0,0,0,75,0
2020-04-04T00:00:00,WWW,Lithuania,649,0,0,0,649,9
2020-04-04T00:00:00,WWW,Luxembourg,2487,0,0,0,2487,30
2020-04-04T00:00:00,WWW,Madagascar,59,0,0,0,59,0
2020-04-04T00:00:00,WWW,Malawi,3,0,0,0,3,0
2020-04-04T00:00:00,WWW,Malaysia,3116,0,0,0,3116,50
2020-04-04T00:00:00,WWW,Maldives,19,0,0,0,19,0
2020-04-04T00:00:00,WWW,Mali,36,0,0,0,36,3
2020-04-04T00:00:00,WWW,Malta,195,0,0,0,195,0
2020-04-04T00:00:00,WWW,Mauritania,6,0,0,0,6,1
2020-04-04T00:00:00,WWW,Mauritius,169,0,0,0,169,7
2020-04-04T00:00:00,WWW,Mexico,1378,0,0,0,1378,37
2020-04-04T00:00:00,WWW,Moldova,505,0,0,0,505,6
2020-04-04T00:00:00,WWW,Monaco,60,0,0,0,60,0
2020-04-04T00:00:00,WWW,Mongolia,14,0,0,0,14,0
2020-04-04T00:00:00,WWW,Montenegro,144,0,0,0,144,2
2020-04-04T00:00:00,WWW,Montserrat,5,0,0,0,5,0
2020-04-04T00:00:00,WWW,Morocco,708,0,0,0,708,44
2020-04-04T00:00:00,WWW,Mozambique,10,0,0,0,10,0
2020-04-04T00:00:00,WWW,Myanmar,20,0,0,0,20,1
2020-04-04T00:00:00,WWW,Namibia,13,0,0,0,13,0
2020-04-04T00:00:00,WWW,Nepal,5,0,0,0,5,0
2020-04-04T00:00:00,WWW,Netherlands,14697,0,0,0,14697,1339
2020-04-04T00:00:00,WWW,Netherlands Antilles,22,0,0,0,22,0
2020-04-04T00:00:00,WWW,New Caledonia,16,0,0,0,16,0
2020-04-04T00:00:00,WWW,New Zealand,772,0,0,0,772,1
2020-04-04T00:00:00,WWW,Nicaragua,5,0,0,0,5,1
2020-04-04T00:00:00,WWW,Niger,74,0,0,0,74,5
2020-04-04T00:00:00,WWW,Nigeria,174,0,0,0,174,2
2020-04-04T00:00:00,WWW,North Macedonia,354,0,0,0,354,11
2020-04-04T00:00:00,WWW,Northern Mariana Islands,8,0,0,0,8,1
2020-04-04T00:00:00,WWW,Norway,4935,0,0,0,4935,42
2020-04-04T00:00:00,WWW,Oman,231,0,0,0,231,1
2020-04-04T00:00:00,WWW,Pakistan,2291,0,0,0,2291,31
2020-04-04T00:00:00,WWW,Palestine,155,0,0,0,155,1
2020-04-04T00:00:00,WWW,Panama,1475,0,0,0,1475,37
2020-04-04T00:00:00,WWW,Papua New Guinea,1,0,0,0,1,0
2020-04-04T00:00:00,WWW,Paraguay,77,0,0,0,77,3
2020-04-04T00:00:00,WWW,Peru,1414,0,0,0,1414,55
2020-04-04T00:00:00,WWW,Philippines,2633,0,0,0,2633,107
2020-04-04T00:00:00,WWW,Poland,2946,0,0,0,2946,57
2020-04-04T00:00:00,WWW,Portugal,9034,0,0,0,9034,209
2020-04-04T00:00:00,WWW,Puerto Rico,316,0,0,0,316,12
2020-04-04T00:00:00,WWW,Qatar,949,0,0,0,949,3
2020-04-04T00:00:00,WWW,Romania,2738,0,0,0,2738,94
2020-04-04T00:00:00,WWW,Russia,3548,0,0,0,3548,30
2020-04-04T00:00:00,WWW,Rwanda,82,0,0,0,82,0
2020-04-04T00:00:00,WWW,Saint Barthelemy,6,0,0,0,6,0
2020-04-04T00:00:00,WWW,Saint Kitts and Nevis,8,0,0,0,8,0
2020-04-04T00:00:00,WWW,Saint Lucia,13,0,0,0,13,0
2020-04-04T00:00:00,WWW,Saint Vincent and the Grenadines,2,0,0,0,2,0
2020-04-04T00:00:00,WWW,San Marino,245,0,0,0,245,30
2020-04-04T00:00:00,WWW,Saudi Arabia,1885,0,0,0,1885,21
2020-04-04T00:00:00,WWW,Senegal,195,0,0,0,195,1
2020-04-04T00:00:00,WWW,Serbia,1171,0,0,0,1171,31
2020-04-04T00:00:00,WWW,Seychelles,10,0,0,0,10,0
2020-04-04T00:00:00,WWW,Sierra Leone,2,0,0,0,2,0
2020-04-04T00:00:00,WWW,Singapore,1049,0,0,0,1049,5
2020-04-04T00:00:00,WWW,Sint Maarten,23,0,0,0,23,2
2020-04-04T00:00:00,WWW,Slovakia,426,0,0,0,426,0
2020-04-04T00:00:00,WWW,Slovenia,897,0,0,0,897,16
2020-04-04T00:00:00,WWW,Somalia,5,0,0,0,5,0
2020-04-04T00:00:00,WWW,South Africa,1462,0,0,0,1462,5
2020-04-04T00:00:00,WWW,South Korea,10062,0,0,0,10062,174
2020-04-04T00:00:00,WWW,South Sudan,1,0,0,0,1,0
2020-04-04T00:00:00,WWW,Spain,110238,0,0,0,110238,10003
2020-04-04T00:00:00,WWW,Sri Lanka,148,0,0,0,148,3
2020-04-04T00:00:00,WWW,Sudan,7,0,0,0,7,2
2020-04-04T00:00:00,WWW,Suriname,10,0,0,0,10,0
2020-04-04T00:00:00,WWW,Sweden,5466,0,0,0,5466,282
2020-04-04T00:00:00,WWW,Switzerland,18844,0,0,0,18844,536
2020-04-04T00:00:00,WWW,Syria,16,0,0,0,16,3
2020-04-04T00:00:00,WWW,Taiwan,339,0,0,0,339,5
2020-04-04T00:00:00,WWW,Thailand,1875,0,0,0,1875,15
2020-04-04T00:00:00,WWW,Timor Leste,1,0,0,0,1,0
2020-04-04T00:00:00,WWW,Togo,39,0,0,0,39,2
2020-04-04T00:00:00,WWW,Trinidad and Tobago,97,0,0,0,97,6
2020-04-04T00:00:00,WWW,Tunisia,455,0,0,0,455,13
2020-04-04T00:00:00,WWW,Turkey,18135,0,0,0,18135,356
2020-04-04T00:00:00,WWW,Turks and Caicos islands,5,0,0,0,5,0
2020-04-04T00:00:00,WWW,Uganda,45,0,0,0,45,0
2020-04-04T00:00:00,WWW,Ukraine,804,0,0,0,804,20
2020-04-04T00:00:00,WWW,United Arab Emirates,1024,0,0,0,1024,8
2020-04-04T00:00:00,WWW,United Kingdom,33718,0,0,0,33718,2921
2020-04-04T00:00:00,WWW,United Republic of Tanzania,21,0,0,0,21,1
2020-04-04T00:00:00,WWW,United States of America,245540,0,0,0,245540,6053
2020-04-04T00:00:00,WWW,United States Virgin Islands,33,0,0,0,33,0
2020-04-04T00:00:00,WWW,Uruguay,369,0,0,0,369,4
2020-04-04T00:00:00,WWW,Uzbekistan,190,0,0,0,190,2
2020-04-04T00:00:00,WWW,Venezuela,144,0,0,0,144,3
2020-04-04T00:00:00,WWW,Vietnam,239,0,0,0,239,0
2020-04-04T00:00:00,WWW,Zambia,39,0,0,0,39,1
2020-04-04T00:00:00,WWW,Zimbabwe,8,0,0,0,8,1
2020-04-04T00:00:00,FRA,Auvergne-Rhône-Alpes,2093,0,0,0,2093,0
2020-04-04T00:00:00,FRA,Bourgogne-Franche-Comté,1569,0,0,0,1569,0
2020-04-04T00:00:00,FRA,Bretagne,603,0,0,0,603,0
2020-04-04T00:00:00,FRA,Centre,16,0,0,0,16,0
2020-04-04T00:00:00,FRA,Centre-Val de Loire,561,0,0,0,561,0
2020-04-04T00:00:00,FRA,Corse,225,0,0,0,225,0
2020-04-04T00:00:00,FRA,Grand Est,5479,0,0,0,5479,0
2020-04-04T00:00:00,FRA,Grand-Est,250,0,0,0,250,0
2020-04-04T00:00:00,FRA,Guadeloupe,76,0,0,0,76,0
2020-04-04T00:00:00,FRA,Guadeloupe, Saint-Martin, Saint-Barthélemy,3,0,0,0,3,0
2020-04-04T00:00:00,FRA,Guyane,28,0,0,0,28,0
2020-04-04T00:00:00,FRA,Hauts-de-France,1753,0,0,0,1753,0
2020-04-04T00:00:00,FRA,Ile-de-France,7660,0,0,0,7660,0
2020-04-04T00:00:00,FRA,La Réunion,94,0,0,0,94,0
2020-04-04T00:00:00,FRA,Martinique,66,0,0,0,66,0
2020-04-04T00:00:00,FRA,Mayotte,35,0,0,0,35,0
2020-04-04T00:00:00,FRA,Normandie,688,0,0,0,688,0
2020-04-04T00:00:00,FRA,NOT SPECIFIED,29155,0,0,0,29155,1696
2020-04-04T00:00:00,FRA,Nouvelle-Aquitaine,912,0,0,0,912,0
2020-04-04T00:00:00,FRA,Occitanie,1082,0,0,0,1082,0
2020-04-04T00:00:00,FRA,Pays de la Loire,368,0,0,0,368,0
2020-04-04T00:00:00,FRA,Provence-Alpes-Côte d'Azur,1927,0,0,0,1927,0
2020-04-04T00:00:00,FRA,Saint-Barthélemy,3,0,0,0,3,0
2020-04-04T00:00:00,FRA,Saint-Martin,11,0,0,0,11,0
2020-04-04T00:00:00,DEU,Baden-Württemberg,16059,0,0,0,16059,145
2020-04-04T00:00:00,DEU,Bayern,20237,0,0,0,20237,155
2020-04-04T00:00:00,DEU,Berlin,3202,0,0,0,3202,85
2020-04-04T00:00:00,DEU,Brandenburg,1075,0,0,0,1075,43
2020-04-04T00:00:00,DEU,Bremen,341,0,0,0,341,50
2020-04-04T00:00:00,DEU,Hamburg,2596,0,0,0,2596,141
2020-04-04T00:00:00,DEU,Hessen,3993,0,0,0,3993,64
2020-04-04T00:00:00,DEU,Mecklenburg-Vorpommern,468,0,0,0,468,29
2020-04-04T00:00:00,DEU,Niedersachsen,5081,0,0,0,5081,64
2020-04-04T00:00:00,DEU,Nordrhein-Westfalen,16606,0,0,0,16606,93
2020-04-04T00:00:00,DEU,Repatriierte,2,0,0,0,2,0
2020-04-04T00:00:00,DEU,Rheinland-Pfalz,3362,0,0,0,3362,82
2020-04-04T00:00:00,DEU,Saarland,1079,0,0,0,1079,109
2020-04-04T00:00:00,DEU,Sachsen,2336,0,0,0,2336,57
2020-04-04T00:00:00,DEU,Sachsen-Anhalt,836,0,0,0,836,38
2020-04-04T00:00:00,DEU,Schleswig Holstein,1443,0,0,0,1443,50
2020-04-04T00:00:00,DEU,Thüringen,982,0,0,0,982,46
2020-04-04T00:00:00,ITA,Abruzzo,1050,76,513,437,1563,146
2020-04-04T00:00:00,ITA,Basilicata,182,19,79,60,261,11
2020-04-04T00:00:00,ITA,Bolzano,1148,60,411,351,1559,139
2020-04-04T00:00:00,ITA,Calabria,516,17,217,200,733,45
2020-04-04T00:00:00,ITA,Campania,1915,115,762,647,2677,181
2020-04-04T00:00:00,ITA,Emilia-Romagna,11289,364,4643,4279,15932,1902
2020-04-04T00:00:00,ITA,Friuli Venezia Giulia,1556,61,323,262,1879,136
2020-04-04T00:00:00,ITA,Lazio,2030,188,1570,1382,3600,199
2020-04-04T00:00:00,ITA,Liguria,2472,173,1493,1320,3965,519
2020-04-04T00:00:00,ITA,Lombardia,32956,1381,14564,13183,47520,8311
2020-04-04T00:00:00,ITA,Marche,2932,158,1298,1140,4230,557
2020-04-04T00:00:00,ITA,Molise,129,8,47,39,176,11
2020-04-04T00:00:00,ITA,Piemonte,6692,452,4204,3752,10896,1043
2020-04-04T00:00:00,ITA,Puglia,1288,123,894,771,2182,164
2020-04-04T00:00:00,ITA,Sardegna,655,24,170,146,825,41
2020-04-04T00:00:00,ITA,Sicilia,1178,73,681,608,1859,101
2020-04-04T00:00:00,ITA,Toscana,3774,288,1725,1437,5499,290
2020-04-04T00:00:00,ITA,Trento,1606,80,503,423,2109,204
2020-04-04T00:00:00,ITA,Umbria,918,48,261,213,1179,39
2020-04-04T00:00:00,ITA,Valle d'Aosta,584,25,135,110,719,70
2020-04-04T00:00:00,ITA,Veneto,8080,335,2384,2049,10464,572
