Date,Country,Region,Isolated,IntensiveCare,TotalHospitalized,Hospitalized,Infected,Deceased
2020-04-04T14:00:00,FRA,Auvergne-Rhône-Alpes,-1712,290,1712,1422,0,134
2020-04-04T14:00:00,FRA,Bourgogne-Franche-Comté,-845,166,845,679,0,123
2020-04-04T14:00:00,FRA,Bretagne,-247,45,247,202,0,29
2020-04-04T14:00:00,FRA,Centre-Val de Loire,-267,69,267,198,0,20
2020-04-04T14:00:00,FRA,Corse,-108,13,108,95,0,19
2020-04-04T14:00:00,FRA,Grand Est,-3615,636,3615,2979,0,584
2020-04-04T14:00:00,FRA,Guadeloupe,-28,7,28,21,0,0
2020-04-04T14:00:00,FRA,Hauts-de-France,-1190,271,1190,919,0,150
2020-04-04T14:00:00,FRA,Île-de-France,-6401,1269,6401,5132,0,460
2020-04-04T14:00:00,FRA,Martinique,-40,11,40,29,0,1
2020-04-04T14:00:00,FRA,Normandie,-348,75,348,273,0,20
2020-04-04T14:00:00,FRA,Nouvelle-Aquitaine,-495,96,495,399,0,34
2020-04-04T14:00:00,FRA,Occitanie,-728,177,728,551,0,54
2020-04-04T14:00:00,FRA,Pays de la Loire,-341,59,341,282,0,24
2020-04-04T14:00:00,FRA,Provence-Alpes-Côte d'Azur,-859,164,859,695,0,44
2020-04-04T14:00:00,CHE,Aargau,349,0,0,0,349,2
2020-04-04T14:00:00,CHE,Appenzell Ausserrhoden,43,0,0,0,43,2
2020-04-04T14:00:00,CHE,Appenzell Innerrhoden,11,0,0,0,11,0
2020-04-04T14:00:00,CHE,Baselland,422,0,0,0,422,5
2020-04-04T14:00:00,CHE,Basel-Stadt,505,0,0,0,505,12
2020-04-04T14:00:00,CHE,Bern,660,0,0,0,660,7
2020-04-04T14:00:00,CHE,Fribourg,309,0,0,0,309,11
2020-04-04T14:00:00,CHE,Genève,1743,0,0,0,1743,21
2020-04-04T14:00:00,CHE,Glarus,43,0,0,0,43,0
2020-04-04T14:00:00,CHE,Graubünden,373,0,0,0,373,9
2020-04-04T14:00:00,CHE,Jura,99,0,0,0,99,0
2020-04-04T14:00:00,CHE,Luzern,253,0,0,0,253,3
2020-04-04T14:00:00,CHE,Neuchatel,271,0,0,0,271,5
2020-04-04T14:00:00,CHE,Nidwalden,48,0,0,0,48,0
2020-04-04T14:00:00,CHE,Obwalden,27,0,0,0,27,0
2020-04-04T14:00:00,CHE,Schaffhausen,36,0,0,0,36,0
2020-04-04T14:00:00,CHE,Schwyz,99,0,0,0,99,1
2020-04-04T14:00:00,CHE,Solothurn,141,0,0,0,141,1
2020-04-04T14:00:00,CHE,St.Gallen,280,0,0,0,280,2
2020-04-04T14:00:00,CHE,Thurgau,110,0,0,0,110,1
2020-04-04T14:00:00,CHE,Ticino,1401,0,0,0,1401,67
2020-04-04T14:00:00,CHE,Uri,38,0,0,0,38,0
2020-04-04T14:00:00,CHE,Valais,715,0,0,0,715,15
2020-04-04T14:00:00,CHE,Vaud,2215,0,0,0,2215,21
2020-04-04T14:00:00,CHE,Zug,94,0,0,0,94,0
2020-04-04T14:00:00,CHE,Zürich,1578,0,0,0,1578,11
2020-04-04T14:00:00,MLT,Malta,213,0,0,0,213,0
2020-04-04T14:00:00,FIN,Ahvenanmaa,7,0,0,0,7,0
2020-04-04T14:00:00,FIN,Etelä-Karjala,9,0,0,0,9,0
2020-04-04T14:00:00,FIN,Etelä-Pohjanmaa,21,0,0,0,21,0
2020-04-04T14:00:00,FIN,Etelä-Savo,29,0,0,0,29,0
2020-04-04T14:00:00,FIN,HUS,1015,0,0,0,1015,0
2020-04-04T14:00:00,FIN,Itä-Savo,3,0,0,0,3,0
2020-04-04T14:00:00,FIN,Kainuu,8,0,0,0,8,0
2020-04-04T14:00:00,FIN,Kanta-Häme,23,0,0,0,23,0
2020-04-04T14:00:00,FIN,Keski-Pohjanmaa,7,0,0,0,7,0
2020-04-04T14:00:00,FIN,Keski-Suomi,54,0,0,0,54,0
2020-04-04T14:00:00,FIN,Kymenlaakso,12,0,0,0,12,0
2020-04-04T14:00:00,FIN,Länsi-Pohja,9,0,0,0,9,0
2020-04-04T14:00:00,FIN,Lappi,26,0,0,0,26,0
2020-04-04T14:00:00,FIN,NOT SPECIFIED,1025,0,0,0,1025,0
2020-04-04T14:00:00,FIN,Päijät-Häme,37,0,0,0,37,0
2020-04-04T14:00:00,FIN,Pirkanmaa,111,0,0,0,111,0
2020-04-04T14:00:00,FIN,Pohjois-Karjala,10,0,0,0,10,0
2020-04-04T14:00:00,FIN,Pohjois-Pohjanmaa,66,0,0,0,66,0
2020-04-04T14:00:00,FIN,Pohjois-Savo,43,0,0,0,43,0
2020-04-04T14:00:00,FIN,Satakunta,24,0,0,0,24,0
2020-04-04T14:00:00,FIN,Unknown,20,0,0,0,20,0
2020-04-04T14:00:00,FIN,Vaasa,21,0,0,0,21,0
2020-04-04T14:00:00,FIN,Varsinais-Suomi,80,0,0,0,80,0
2020-04-04T14:00:00,FIN,West North,2,0,0,0,2,0
2020-04-04T14:00:00,EST,Estonia,961,0,0,0,961,12
2020-04-04T14:00:00,DNK,Faroe,179,0,0,0,179,0
2020-04-04T14:00:00,DNK,Greenland,10,0,0,0,10,0
2020-04-04T14:00:00,DNK,Mainland,3757,0,0,0,3757,139
2020-04-04T14:00:00,CZE,Jihoceský,119,0,0,0,119,0
2020-04-04T14:00:00,CZE,Jihomoravský,252,0,0,0,252,0
2020-04-04T14:00:00,CZE,Karlovarský,141,0,0,0,141,0
2020-04-04T14:00:00,CZE,Královéhradecký,129,0,0,0,129,0
2020-04-04T14:00:00,CZE,Liberecký,140,0,0,0,140,0
2020-04-04T14:00:00,CZE,Moravskoslezský,376,0,0,0,376,0
2020-04-04T14:00:00,CZE,NOT SPECIFIED,0,0,0,0,0,53
2020-04-04T14:00:00,CZE,Olomoucký,380,0,0,0,380,0
2020-04-04T14:00:00,CZE,Pardubický,160,0,0,0,160,0
2020-04-04T14:00:00,CZE,Plzenský,209,0,0,0,209,0
2020-04-04T14:00:00,CZE,Prague,1118,0,0,0,1118,0
2020-04-04T14:00:00,CZE,Stredoceský,508,0,0,0,508,0
2020-04-04T14:00:00,CZE,Unknown,57,0,0,0,57,0
2020-04-04T14:00:00,CZE,Ústecký,285,0,0,0,285,0
2020-04-04T14:00:00,CZE,Vysocina,132,0,0,0,132,0
2020-04-04T14:00:00,CZE,Zlínský,188,0,0,0,188,0
2020-04-04T14:00:00,CYP,Cyprus,396,0,0,0,396,11
2020-04-04T14:00:00,HRV,Bjelovarsko-bilogorska,8,0,0,0,8,0
2020-04-04T14:00:00,HRV,Brodsko-Posavska,13,0,0,0,13,1
2020-04-04T14:00:00,HRV,Dubrovačko-neretvanska,55,0,0,0,55,0
2020-04-04T14:00:00,HRV,Grad Zagreb,298,0,0,0,298,4
2020-04-04T14:00:00,HRV,Istarska,73,0,0,0,73,2
2020-04-04T14:00:00,HRV,Karlovačka,21,0,0,0,21,1
2020-04-04T14:00:00,HRV,Koprivničko-križevačka,16,0,0,0,16,0
2020-04-04T14:00:00,HRV,Krapinsko-zagorska županija,69,0,0,0,69,0
2020-04-04T14:00:00,HRV,Ličko-senjska,2,0,0,0,2,0
2020-04-04T14:00:00,HRV,Međimurska,2,0,0,0,2,0
2020-04-04T14:00:00,HRV,Osječko-baranjska,71,0,0,0,71,0
2020-04-04T14:00:00,HRV,Požeško-slavonska,3,0,0,0,3,0
2020-04-04T14:00:00,HRV,Primorsko-Goranska,63,0,0,0,63,0
2020-04-04T14:00:00,HRV,Šibensko-kninska,29,0,0,0,29,0
2020-04-04T14:00:00,HRV,Sisačko-moslavačka,19,0,0,0,19,0
2020-04-04T14:00:00,HRV,Splitsko-Dalmatinska,154,0,0,0,154,0
2020-04-04T14:00:00,HRV,Unknow,1,0,0,0,1,0
2020-04-04T14:00:00,HRV,Varaždinska,27,0,0,0,27,0
2020-04-04T14:00:00,HRV,Virovitičko-podravska,4,0,0,0,4,0
2020-04-04T14:00:00,HRV,Vukovarsko-srijemska,16,0,0,0,16,0
2020-04-04T14:00:00,HRV,Zadarska,47,0,0,0,47,0
2020-04-04T14:00:00,HRV,Zagrebačka,89,0,0,0,89,0
2020-04-04T14:00:00,BIH,Bosnia and Herzegovina,288,0,0,0,288,12
2020-04-04T14:00:00,BLR,Belarus,351,0,0,0,351,4
2020-04-04T14:00:00,AND,Andorra,439,0,0,0,439,16
2020-04-04T14:00:00,UKR,Cherkasy,61,0,0,0,61,0
2020-04-04T14:00:00,UKR,Chernihiv,5,0,0,0,5,0
2020-04-04T14:00:00,UKR,Chernivtsi,206,0,0,0,206,0
2020-04-04T14:00:00,UKR,Dnipropetrovsk,14,0,0,0,14,0
2020-04-04T14:00:00,UKR,Donetsk,8,0,0,0,8,0
2020-04-04T14:00:00,UKR,Ivano-Frankivsk,94,0,0,0,94,0
2020-04-04T14:00:00,UKR,Kharkiv,1,0,0,0,1,0
2020-04-04T14:00:00,UKR,Kherson,8,0,0,0,8,0
2020-04-04T14:00:00,UKR,Khmelnytsky,10,0,0,0,10,0
2020-04-04T14:00:00,UKR,Kiev region,77,0,0,0,77,0
2020-04-04T14:00:00,UKR,Kirovograd,19,0,0,0,19,0
2020-04-04T14:00:00,UKR,Kyiv,195,0,0,0,195,0
2020-04-04T14:00:00,UKR,Lugansk,3,0,0,0,3,0
2020-04-04T14:00:00,UKR,Lviv,14,0,0,0,14,0
2020-04-04T14:00:00,UKR,Mykolaiv,1,0,0,0,1,0
2020-04-04T14:00:00,UKR,NOT SPECIFIED,0,0,0,0,0,28
2020-04-04T14:00:00,UKR,Odessa,26,0,0,0,26,0
2020-04-04T14:00:00,UKR,Poltava,8,0,0,0,8,0
2020-04-04T14:00:00,UKR,Rivne,31,0,0,0,31,0
2020-04-04T14:00:00,UKR,Sumy,37,0,0,0,37,0
2020-04-04T14:00:00,UKR,Ternopil,135,0,0,0,135,0
2020-04-04T14:00:00,UKR,Transcarpathian,24,0,0,0,24,0
2020-04-04T14:00:00,UKR,Vinnytsia,66,0,0,0,66,0
2020-04-04T14:00:00,UKR,Volyn,17,0,0,0,17,0
2020-04-04T14:00:00,UKR,Zaporizhzhia,28,0,0,0,28,0
2020-04-04T14:00:00,UKR,Zhytomyr,9,0,0,0,9,0
2020-04-04T14:00:00,TUR,Turkey,20921,0,0,0,20921,425
2020-04-04T14:00:00,SWE,Blekinge,27,0,0,0,27,0
2020-04-04T14:00:00,SWE,Dalarna,147,0,0,0,147,0
2020-04-04T14:00:00,SWE,Gävleborg,147,0,0,0,147,0
2020-04-04T14:00:00,SWE,Gotland,12,0,0,0,12,0
2020-04-04T14:00:00,SWE,Halland,114,0,0,0,114,0
2020-04-04T14:00:00,SWE,Jämtland,84,0,0,0,84,0
2020-04-04T14:00:00,SWE,Jönköping,187,0,0,0,187,0
2020-04-04T14:00:00,SWE,Kalmar,46,0,0,0,46,0
2020-04-04T14:00:00,SWE,Kronoberg,45,0,0,0,45,0
2020-04-04T14:00:00,SWE,Norrbotten,73,0,0,0,73,0
2020-04-04T14:00:00,SWE,NOT SPECIFIED,-469,469,469,0,0,333
2020-04-04T14:00:00,SWE,Örebro,166,0,0,0,166,0
2020-04-04T14:00:00,SWE,Östergötland,578,0,0,0,578,0
2020-04-04T14:00:00,SWE,Skåne,311,0,0,0,311,0
2020-04-04T14:00:00,SWE,Södermanland,398,0,0,0,398,0
2020-04-04T14:00:00,SWE,Stockholm,2662,0,0,0,2662,0
2020-04-04T14:00:00,SWE,Uppsala,247,0,0,0,247,0
2020-04-04T14:00:00,SWE,Värmland,53,0,0,0,53,0
2020-04-04T14:00:00,SWE,Västerbotten,80,0,0,0,80,0
2020-04-04T14:00:00,SWE,Västernorrland,58,0,0,0,58,0
2020-04-04T14:00:00,SWE,Västmanland,134,0,0,0,134,0
2020-04-04T14:00:00,SWE,Västra Götaland,509,0,0,0,509,0
2020-04-04T14:00:00,SVN,Gorenjske,62,0,0,0,62,0
2020-04-04T14:00:00,SVN,Goriške,15,0,0,0,15,0
2020-04-04T14:00:00,SVN,Jugovzhodne,105,0,0,0,105,0
2020-04-04T14:00:00,SVN,Koroške,35,0,0,0,35,0
2020-04-04T14:00:00,SVN,Obalno-kraške,19,0,0,0,19,0
2020-04-04T14:00:00,SVN,Osrednjeslovenske,304,0,0,0,304,0
2020-04-04T14:00:00,SVN,Podravske,66,0,0,0,66,0
2020-04-04T14:00:00,SVN,"Podravske,",71,0,0,0,71,0
2020-04-04T14:00:00,SVN,Pomurske,72,0,0,0,72,0
2020-04-04T14:00:00,SVN,Posavske,10,0,0,0,10,0
2020-04-04T14:00:00,SVN,Primorsko-notranjske,29,0,0,0,29,0
2020-04-04T14:00:00,SVN,Savinjske,187,0,0,0,187,0
2020-04-04T14:00:00,SVN,Slovenia,730,0,0,0,730,12
2020-04-04T14:00:00,SVN,Zasavske,19,0,0,0,19,0
2020-04-04T14:00:00,SVK,Banská Bystrica,18,0,0,0,18,0
2020-04-04T14:00:00,SVK,Bratislava,157,0,0,0,157,0
2020-04-04T14:00:00,SVK,Košice,19,0,0,0,19,0
2020-04-04T14:00:00,SVK,Nitra,31,0,0,0,31,0
2020-04-04T14:00:00,SVK,Prešov,30,0,0,0,30,0
2020-04-04T14:00:00,SVK,Trencín,55,0,0,0,55,0
2020-04-04T14:00:00,SVK,Trnava,39,0,0,0,39,0
2020-04-04T14:00:00,SVK,Unknown,3,0,0,0,3,0
2020-04-04T14:00:00,SVK,Zilina,48,0,0,0,48,0
2020-04-04T14:00:00,SRB,Serbia,1476,0,0,0,1476,39
2020-04-04T14:00:00,SMR,San Marino,251,0,0,0,251,32
2020-04-04T14:00:00,SMR,San_Marino,245,0,0,0,245,30
2020-04-04T14:00:00,RUS,Adygea,5,0,0,0,5,0
2020-04-04T14:00:00,RUS,Altai,4,0,0,0,4,0
2020-04-04T14:00:00,RUS,Amur,1,0,0,0,1,0
2020-04-04T14:00:00,RUS,Arkhangelsk,7,0,0,0,7,0
2020-04-04T14:00:00,RUS,Astrakhan,2,0,0,0,2,0
2020-04-04T14:00:00,RUS,Bashkortostan,10,0,0,0,10,0
2020-04-04T14:00:00,RUS,Belgorod,6,0,0,0,6,0
2020-04-04T14:00:00,RUS,Bryansk,5,0,0,0,5,0
2020-04-04T14:00:00,RUS,Buryatia,30,0,0,0,30,0
2020-04-04T14:00:00,RUS,Chechnya,10,0,0,0,10,0
2020-04-04T14:00:00,RUS,Chelyabinsk,21,0,0,0,21,0
2020-04-04T14:00:00,RUS,Chuvashia,1,0,0,0,1,0
2020-04-04T14:00:00,RUS,Dagestan,25,0,0,0,25,0
2020-04-04T14:00:00,RUS,Irkutsk,7,0,0,0,7,0
2020-04-04T14:00:00,RUS,Ivanovo,11,0,0,0,11,0
2020-04-04T14:00:00,RUS,Kabardino-Balkaria,8,0,0,0,8,0
2020-04-04T14:00:00,RUS,Kaliningrad,19,0,0,0,19,0
2020-04-04T14:00:00,RUS,Kalmykia,2,0,0,0,2,0
2020-04-04T14:00:00,RUS,Kaluga,4,0,0,0,4,0
2020-04-04T14:00:00,RUS,Kemerovo,3,0,0,0,3,0
2020-04-04T14:00:00,RUS,Khabarovsk,9,0,0,0,9,0
2020-04-04T14:00:00,RUS,Khakassia,3,0,0,0,3,0
2020-04-04T14:00:00,RUS,Khanty-Mansi AO,8,0,0,0,8,0
2020-04-04T14:00:00,RUS,Kirov,12,0,0,0,12,0
2020-04-04T14:00:00,RUS,Komi Republic,56,0,0,0,56,0
2020-04-04T14:00:00,RUS,Kostroma,3,0,0,0,3,0
2020-04-04T14:00:00,RUS,Krasnodar,22,0,0,0,22,0
2020-04-04T14:00:00,RUS,Krasnoyarsk,25,0,0,0,25,0
2020-04-04T14:00:00,RUS,Kurgan,1,0,0,0,1,0
2020-04-04T14:00:00,RUS,Kursk,3,0,0,0,3,0
2020-04-04T14:00:00,RUS,Leningrad,31,0,0,0,31,0
2020-04-04T14:00:00,RUS,Lipetsk,15,0,0,0,15,0
2020-04-04T14:00:00,RUS,Magadan,1,0,0,0,1,0
2020-04-04T14:00:00,RUS,Mari El,4,0,0,0,4,0
2020-04-04T14:00:00,RUS,Mordovia,4,0,0,0,4,0
2020-04-04T14:00:00,RUS,Moscow,2652,0,0,0,2652,0
2020-04-04T14:00:00,RUS,Murmansk,15,0,0,0,15,0
2020-04-04T14:00:00,RUS,Nizhny Novgorod,25,0,0,0,25,0
2020-04-04T14:00:00,RUS,North Ossetia-Alania,4,0,0,0,4,0
2020-04-04T14:00:00,RUS,NOT SPECIFIED,0,0,0,0,0,30
2020-04-04T14:00:00,RUS,Novgorod,3,0,0,0,3,0
2020-04-04T14:00:00,RUS,Novosibirsk,10,0,0,0,10,0
2020-04-04T14:00:00,RUS,Omsk,9,0,0,0,9,0
2020-04-04T14:00:00,RUS,Orenburg,12,0,0,0,12,0
2020-04-04T14:00:00,RUS,Oryol,3,0,0,0,3,0
2020-04-04T14:00:00,RUS,Penza,16,0,0,0,16,0
2020-04-04T14:00:00,RUS,Perm,20,0,0,0,20,0
2020-04-04T14:00:00,RUS,Primorsky,5,0,0,0,5,0
2020-04-04T14:00:00,RUS,Pskov,9,0,0,0,9,0
2020-04-04T14:00:00,RUS,Republic of Crimea,21,0,0,0,21,0
2020-04-04T14:00:00,RUS,Rostov,9,0,0,0,9,0
2020-04-04T14:00:00,RUS,Ryazan,5,0,0,0,5,0
2020-04-04T14:00:00,RUS,Saint Petersburg,147,0,0,0,147,0
2020-04-04T14:00:00,RUS,Sakhalin,5,0,0,0,5,0
2020-04-04T14:00:00,RUS,Samara,17,0,0,0,17,0
2020-04-04T14:00:00,RUS,Saratov,15,0,0,0,15,0
2020-04-04T14:00:00,RUS,Smolensk,1,0,0,0,1,0
2020-04-04T14:00:00,RUS,Stavropol,11,0,0,0,11,0
2020-04-04T14:00:00,RUS,Sverdlovsk,38,0,0,0,38,0
2020-04-04T14:00:00,RUS,Tambov,6,0,0,0,6,0
2020-04-04T14:00:00,RUS,Tatarstan,19,0,0,0,19,0
2020-04-04T14:00:00,RUS,Tomsk,3,0,0,0,3,0
2020-04-04T14:00:00,RUS,Tula,17,0,0,0,17,0
2020-04-04T14:00:00,RUS,Tver,5,0,0,0,5,0
2020-04-04T14:00:00,RUS,Tyumen,6,0,0,0,6,0
2020-04-04T14:00:00,RUS,Udmurtia,4,0,0,0,4,0
2020-04-04T14:00:00,RUS,Ulyanovsk,1,0,0,0,1,0
2020-04-04T14:00:00,RUS,Vladimir,3,0,0,0,3,0
2020-04-04T14:00:00,RUS,Volgograd,8,0,0,0,8,0
2020-04-04T14:00:00,RUS,Vologda,12,0,0,0,12,0
2020-04-04T14:00:00,RUS,Voronezh,12,0,0,0,12,0
2020-04-04T14:00:00,RUS,Yakutia,15,0,0,0,15,0
2020-04-04T14:00:00,RUS,Yamalo-Nenets AO,2,0,0,0,2,0
2020-04-04T14:00:00,RUS,Yaroslavl,3,0,0,0,3,0
2020-04-04T14:00:00,RUS,Zabaykalsky,1,0,0,0,1,0
2020-04-04T14:00:00,ROU,Alba,1,0,0,0,1,0
2020-04-04T14:00:00,ROU,Arad,0,0,0,0,0,11
2020-04-04T14:00:00,ROU,Bacau,0,0,0,0,0,4
2020-04-04T14:00:00,ROU,Bihor,5,0,0,0,5,0
2020-04-04T14:00:00,ROU,Bistrița-Năsăud,0,0,0,0,0,5
2020-04-04T14:00:00,ROU,Botosani,0,0,0,0,0,1
2020-04-04T14:00:00,ROU,Bralia,2,0,0,0,2,0
2020-04-04T14:00:00,ROU,Brasov,15,0,0,0,15,0
2020-04-04T14:00:00,ROU,Bucuresti,0,0,0,0,0,12
2020-04-04T14:00:00,ROU,Buzau,5,0,0,0,5,0
2020-04-04T14:00:00,ROU,Calarasi,2,0,0,0,2,0
2020-04-04T14:00:00,ROU,Caras-Severin,0,0,0,0,0,2
2020-04-04T14:00:00,ROU,Cluj,0,0,0,0,0,1
2020-04-04T14:00:00,ROU,Constanta,0,0,0,0,0,2
2020-04-04T14:00:00,ROU,Covasna,0,0,0,0,0,1
2020-04-04T14:00:00,ROU,Dambovita,0,0,0,0,0,2
2020-04-04T14:00:00,ROU,Dolj,0,0,0,0,0,2
2020-04-04T14:00:00,ROU,Galati,0,0,0,0,0,2
2020-04-04T14:00:00,ROU,Giurgiu,2,0,0,0,2,0
2020-04-04T14:00:00,ROU,Gorj,3,0,0,0,3,0
2020-04-04T14:00:00,ROU,Hunedoara,0,0,0,0,0,11
2020-04-04T14:00:00,ROU,Ialomita,0,0,0,0,0,9
2020-04-04T14:00:00,ROU,Iasi,0,0,0,0,0,2
2020-04-04T14:00:00,ROU,Ilfov,0,0,0,0,0,1
2020-04-04T14:00:00,ROU,Maramureș,15,0,0,0,15,0
2020-04-04T14:00:00,ROU,Mehedinti,0,0,0,0,0,1
2020-04-04T14:00:00,ROU,Mures,0,0,0,0,0,2
2020-04-04T14:00:00,ROU,Neamt,0,0,0,0,0,6
2020-04-04T14:00:00,ROU,Olt,2,0,0,0,2,0
2020-04-04T14:00:00,ROU,Prahova,2,0,0,0,2,0
2020-04-04T14:00:00,ROU,Salaj,1,0,0,0,1,0
2020-04-04T14:00:00,ROU,Satu Mare,0,0,0,0,0,2
2020-04-04T14:00:00,ROU,Suceava,0,0,0,0,0,41
2020-04-04T14:00:00,ROU,Teleorman,0,0,0,0,0,1
2020-04-04T14:00:00,ROU,Timis,0,0,0,0,0,7
2020-04-04T14:00:00,ROU,Tulcea,5,0,0,0,5,0
2020-04-04T14:00:00,ROU,Unknown,3183,0,0,0,3183,4
2020-04-04T14:00:00,ROU,Valcea,2,0,0,0,2,0
2020-04-04T14:00:00,ROU,Vrancea,0,0,0,0,0,1
2020-04-04T14:00:00,POL,Dolnośląskie,400,0,0,0,400,6
2020-04-04T14:00:00,POL,Kujawsko-pomorskie,199,0,0,0,199,1
2020-04-04T14:00:00,POL,Łódzkie,248,0,0,0,248,3
2020-04-04T14:00:00,POL,Lubelskie,164,0,0,0,164,6
2020-04-04T14:00:00,POL,Lubuskie,56,0,0,0,56,0
2020-04-04T14:00:00,POL,Małopolskie,276,0,0,0,276,5
2020-04-04T14:00:00,POL,Mazowieckie,808,0,0,0,808,14
2020-04-04T14:00:00,POL,Opolskie,90,0,0,0,90,1
2020-04-04T14:00:00,POL,Podkarpackie,129,0,0,0,129,4
2020-04-04T14:00:00,POL,Podlaskie,74,0,0,0,74,0
2020-04-04T14:00:00,POL,Pomorskie,91,0,0,0,91,0
2020-04-04T14:00:00,POL,Śląskie,481,0,0,0,481,18
2020-04-04T14:00:00,POL,Świętokrzyskie,81,0,0,0,81,1
2020-04-04T14:00:00,POL,Warmińsko-mazurskie,78,0,0,0,78,0
2020-04-04T14:00:00,POL,Wielkopolskie,229,0,0,0,229,12
2020-04-04T14:00:00,POL,Zachodniopomorskie,99,0,0,0,99,2
2020-04-04T14:00:00,NOR,Agder,221,0,0,0,221,0
2020-04-04T14:00:00,NOR,Innlandet,350,0,0,0,350,0
2020-04-04T14:00:00,NOR,Møre og Romsdal,106,0,0,0,106,0
2020-04-04T14:00:00,NOR,Nordland,71,0,0,0,71,0
2020-04-04T14:00:00,NOR,NOT SPECIFIED,0,0,0,0,0,44
2020-04-04T14:00:00,NOR,Oslo,1438,0,0,0,1438,0
2020-04-04T14:00:00,NOR,Outside mainland Norway,1,0,0,0,1,0
2020-04-04T14:00:00,NOR,Rogaland,351,0,0,0,351,0
2020-04-04T14:00:00,NOR,Troms og Finnmark,176,0,0,0,176,0
2020-04-04T14:00:00,NOR,Trøndelag,352,0,0,0,352,0
2020-04-04T14:00:00,NOR,Unknown,1,0,0,0,1,0
2020-04-04T14:00:00,NOR,Unknown county,3,0,0,0,3,0
2020-04-04T14:00:00,NOR,Vestfold og Telemark,201,0,0,0,201,0
2020-04-04T14:00:00,NOR,Vestland,525,0,0,0,525,0
2020-04-04T14:00:00,NOR,Viken,1416,0,0,0,1416,0
2020-04-04T14:00:00,MKD,North Macedonia,430,0,0,0,430,12
2020-04-04T14:00:00,MNE,Montenegro,174,0,0,0,174,2
2020-04-04T14:00:00,MCO,Monaco,64,0,0,0,64,0
2020-04-04T14:00:00,MDA,Kishinev,423,0,0,0,423,5
2020-04-04T14:00:00,MDA,Moldova,591,0,0,0,591,8
2020-04-04T14:00:00,LUX,Luxembourg,2612,0,0,0,2612,31
2020-04-04T14:00:00,LTU,Lithuania,771,0,0,0,771,9
2020-04-04T14:00:00,LIE,Liechtenstein,75,0,0,0,75,0
2020-04-04T14:00:00,LIE,NOT SPECIFIED,0,0,0,0,0,0
2020-04-04T14:00:00,LVA,Latvia,493,0,0,0,493,1
2020-04-04T14:00:00,IRL,Ireland,4273,0,0,0,4273,120
2020-04-04T14:00:00,ISL,Abroad,0,0,0,0,0,0
2020-04-04T14:00:00,ISL,East Iceland,6,0,0,0,6,0
2020-04-04T14:00:00,ISL,Greater Reykjavík,1006,0,0,0,1006,0
2020-04-04T14:00:00,ISL,Northeast Iceland,37,0,0,0,37,0
2020-04-04T14:00:00,ISL,Northwest Iceland,32,0,0,0,32,0
2020-04-04T14:00:00,ISL,NOT SPECIFIED,38,0,0,0,38,0
2020-04-04T14:00:00,ISL,South Iceland,128,0,0,0,128,0
2020-04-04T14:00:00,ISL,Suðurnes Peninsula,64,0,0,0,64,0
2020-04-04T14:00:00,ISL,West Fjords,27,0,0,0,27,0
2020-04-04T14:00:00,ISL,West Iceland,26,0,0,0,26,0
2020-04-04T14:00:00,GRC,Achaea,22,0,0,0,22,1
2020-04-04T14:00:00,GRC,Argolis,1,0,0,0,1,0
2020-04-04T14:00:00,GRC,Arkadias,3,0,0,0,3,0
2020-04-04T14:00:00,GRC,Arta,7,0,0,0,7,0
2020-04-04T14:00:00,GRC,Athens,641,0,0,0,641,27
2020-04-04T14:00:00,GRC,Athos,4,0,0,0,4,0
2020-04-04T14:00:00,GRC,Beozia,1,0,0,0,1,0
2020-04-04T14:00:00,GRC,Chania,1,0,0,0,1,0
2020-04-04T14:00:00,GRC,Corfu,1,0,0,0,1,0
2020-04-04T14:00:00,GRC,Corinth,2,0,0,0,2,0
2020-04-04T14:00:00,GRC,Cyclades,1,0,0,0,1,0
2020-04-04T14:00:00,GRC,Dodecaneso,1,0,0,0,1,0
2020-04-04T14:00:00,GRC,Drama,3,0,0,0,3,0
2020-04-04T14:00:00,GRC,East Attica,57,0,0,0,57,0
2020-04-04T14:00:00,GRC,Elis,46,0,0,0,46,2
2020-04-04T14:00:00,GRC,Euboea,23,0,0,0,23,0
2020-04-04T14:00:00,GRC,Evros,6,0,0,0,6,1
2020-04-04T14:00:00,GRC,Florina,1,0,0,0,1,0
2020-04-04T14:00:00,GRC,Heraklion,10,0,0,0,10,1
2020-04-04T14:00:00,GRC,Ikaria,1,0,0,0,1,0
2020-04-04T14:00:00,GRC,Ioannina,2,0,0,0,2,0
2020-04-04T14:00:00,GRC,Kastoria,36,0,0,0,36,8
2020-04-04T14:00:00,GRC,Kavalas,3,0,0,0,3,0
2020-04-04T14:00:00,GRC,Kefalonia,1,0,0,0,1,0
2020-04-04T14:00:00,GRC,Khalkidiki,1,0,0,0,1,0
2020-04-04T14:00:00,GRC,Khios,1,0,0,0,1,0
2020-04-04T14:00:00,GRC,Kilkis,3,0,0,0,3,0
2020-04-04T14:00:00,GRC,Kozani,16,0,0,0,16,8
2020-04-04T14:00:00,GRC,Laconia,1,0,0,0,1,0
2020-04-04T14:00:00,GRC,Larissa,13,0,0,0,13,0
2020-04-04T14:00:00,GRC,Lasithi,2,0,0,0,2,0
2020-04-04T14:00:00,GRC,Lefkadas,1,0,0,0,1,0
2020-04-04T14:00:00,GRC,Lesbos,8,0,0,0,8,1
2020-04-04T14:00:00,GRC,Magnesia,2,0,0,0,2,0
2020-04-04T14:00:00,GRC,Messinia,7,0,0,0,7,0
2020-04-04T14:00:00,GRC,Pella,7,0,0,0,7,2
2020-04-04T14:00:00,GRC,Pieria,3,0,0,0,3,0
2020-04-04T14:00:00,GRC,Pireas,176,0,0,0,176,0
2020-04-04T14:00:00,GRC,Prevezas,2,0,0,0,2,0
2020-04-04T14:00:00,GRC,Rethymnon,1,0,0,0,1,0
2020-04-04T14:00:00,GRC,Serron,9,0,0,0,9,0
2020-04-04T14:00:00,GRC,Tessaloniki,32,0,0,0,32,5
2020-04-04T14:00:00,GRC,Trikalon,1,0,0,0,1,0
2020-04-04T14:00:00,GRC,Unknown,423,0,0,0,423,0
2020-04-04T14:00:00,GRC,West Attica,4,0,0,0,4,0
2020-04-04T14:00:00,GRC,Xanthis,22,0,0,0,22,5
2020-04-04T14:00:00,GRC,Zakynthos,5,0,0,0,5,1
2020-04-04T14:00:00,BGR,Blagoevgrad,15,0,0,0,15,3
2020-04-04T14:00:00,BGR,Burgas,21,0,0,0,21,0
2020-04-04T14:00:00,BGR,Dobrich,10,0,0,0,10,0
2020-04-04T14:00:00,BGR,Gabrovo,2,0,0,0,2,0
2020-04-04T14:00:00,BGR,Haskovo,2,0,0,0,2,0
2020-04-04T14:00:00,BGR,Kardzhali,8,0,0,0,8,0
2020-04-04T14:00:00,BGR,Kyustendil,7,0,0,0,7,3
2020-04-04T14:00:00,BGR,Lovech,1,0,0,0,1,0
2020-04-04T14:00:00,BGR,Montana,18,0,0,0,18,0
2020-04-04T14:00:00,BGR,Pazardzhik,8,0,0,0,8,0
2020-04-04T14:00:00,BGR,Pernik,6,0,0,0,6,0
2020-04-04T14:00:00,BGR,Pleven,9,0,0,0,9,0
2020-04-04T14:00:00,BGR,Plovdiv,29,0,0,0,29,0
2020-04-04T14:00:00,BGR,Ruse,1,0,0,0,1,0
2020-04-04T14:00:00,BGR,Shumen,4,0,0,0,4,0
2020-04-04T14:00:00,BGR,Silistra,2,0,0,0,2,0
2020-04-04T14:00:00,BGR,Sliven,5,0,0,0,5,0
2020-04-04T14:00:00,BGR,Smolyan,13,0,0,0,13,0
2020-04-04T14:00:00,BGR,Sofia City,292,0,0,0,292,7
2020-04-04T14:00:00,BGR,Stara Zagora,3,0,0,0,3,1
2020-04-04T14:00:00,BGR,Unknown,4,0,0,0,4,0
2020-04-04T14:00:00,BGR,Varna,23,0,0,0,23,0
2020-04-04T14:00:00,BGR,Veliko Tarnovo,4,0,0,0,4,0
2020-04-04T14:00:00,BGR,Vidin,2,0,0,0,2,0
2020-04-04T14:00:00,ALB,Berat,1,0,0,0,1,0
2020-04-04T14:00:00,ALB,Durrës,35,0,0,0,35,3
2020-04-04T14:00:00,ALB,Elbasan,8,0,0,0,8,0
2020-04-04T14:00:00,ALB,Fier,27,0,0,0,27,2
2020-04-04T14:00:00,ALB,Korca,3,0,0,0,3,0
2020-04-04T14:00:00,ALB,Korçë,16,0,0,0,16,0
2020-04-04T14:00:00,ALB,Kukës,12,0,0,0,12,1
2020-04-04T14:00:00,ALB,Lezhë,8,0,0,0,8,0
2020-04-04T14:00:00,ALB,Shkodër,14,0,0,0,14,0
2020-04-04T14:00:00,ALB,Tirane,63,0,0,0,63,0
2020-04-04T14:00:00,ALB,Tiranë,151,0,0,0,151,9
2020-04-04T14:00:00,ALB,Vlorë,5,0,0,0,5,1
2020-04-04T14:00:00,PRT,Açores,57,0,0,0,57,0
2020-04-04T14:00:00,PRT,Alentejo,59,0,0,0,59,0
2020-04-04T14:00:00,PRT,Algarve,164,0,0,0,164,3
2020-04-04T14:00:00,PRT,Centro,1161,0,0,0,1161,55
2020-04-04T14:00:00,PRT,Estrageiro,21,0,0,0,21,0
2020-04-04T14:00:00,PRT,Lisbon,2207,0,0,0,2207,44
2020-04-04T14:00:00,PRT,Madeira,48,0,0,0,48,0
2020-04-04T14:00:00,PRT,Norte,5338,0,0,0,5338,107
2020-04-04T14:00:00,AUT,Burgenland,212,0,0,0,212,0
2020-04-04T14:00:00,AUT,Kärnten,307,0,0,0,307,0
2020-04-04T14:00:00,AUT,Niederösterreich,1831,0,0,0,1831,0
2020-04-04T14:00:00,AUT,Oberösterreich,1868,0,0,0,1868,0
2020-04-04T14:00:00,AUT,Salzburg,1074,0,0,0,1074,0
2020-04-04T14:00:00,AUT,Steiermark,1226,0,0,0,1226,0
2020-04-04T14:00:00,AUT,Tirol,2817,0,0,0,2817,0
2020-04-04T14:00:00,AUT,Vorarlberg,745,0,0,0,745,0
2020-04-04T14:00:00,AUT,Wien,1701,0,0,0,1701,0
2020-04-04T14:00:00,ESP,Andalucía,6972,0,0,0,6972,343
2020-04-04T14:00:00,ESP,Aragón,2700,0,0,0,2700,200
2020-04-04T14:00:00,ESP,Canarias,1444,0,0,0,1444,68
2020-04-04T14:00:00,ESP,Cantabria,1268,0,0,0,1268,60
2020-04-04T14:00:00,ESP,Castilla y León,7355,0,0,0,7355,641
2020-04-04T14:00:00,ESP,Castilla-La Mancha,7682,0,0,0,7682,854
2020-04-04T14:00:00,ESP,Cataluña,21804,0,0,0,21804,2093
2020-04-04T14:00:00,ESP,Ciudad Autónoma de Ceuta,55,0,0,0,55,1
2020-04-04T14:00:00,ESP,Ciudad Autónoma de Melilla,62,0,0,0,62,1
2020-04-04T14:00:00,ESP,Comunidad de Madrid,32155,0,0,0,32155,4175
2020-04-04T14:00:00,ESP,Comunidad Foral de Navarra,2682,0,0,0,2682,141
2020-04-04T14:00:00,ESP,Comunidad Valenciana,6308,0,0,0,6308,443
2020-04-04T14:00:00,ESP,Extremadura,1837,0,0,0,1837,181
2020-04-04T14:00:00,ESP,Galicia,4842,0,0,0,4842,120
2020-04-04T14:00:00,ESP,Illes Balears,1204,0,0,0,1204,58
2020-04-04T14:00:00,ESP,La Rioja,2083,0,0,0,2083,101
2020-04-04T14:00:00,ESP,País Vasco,7317,0,0,0,7317,412
2020-04-04T14:00:00,ESP,Principado de Asturias,1384,0,0,0,1384,69
2020-04-04T14:00:00,ESP,Región de Murcia,1084,0,0,0,1084,42
2020-04-04T14:00:00,WWW,Afghanistan,235,0,0,0,235,4
2020-04-04T14:00:00,WWW,Albania,304,0,0,0,304,17
2020-04-04T14:00:00,WWW,Algeria,986,0,0,0,986,83
2020-04-04T14:00:00,WWW,Andorra,439,0,0,0,439,16
2020-04-04T14:00:00,WWW,Angola,8,0,0,0,8,2
2020-04-04T14:00:00,WWW,Anguilla,3,0,0,0,3,0
2020-04-04T14:00:00,WWW,Antigua and Barbuda,15,0,0,0,15,0
2020-04-04T14:00:00,WWW,Argentina,1265,0,0,0,1265,37
2020-04-04T14:00:00,WWW,Armenia,736,0,0,0,736,7
2020-04-04T14:00:00,WWW,Aruba,62,0,0,0,62,0
2020-04-04T14:00:00,WWW,Australia,5548,0,0,0,5548,30
2020-04-04T14:00:00,WWW,Austria,11525,0,0,0,11525,168
2020-04-04T14:00:00,WWW,Azerbaijan,443,0,0,0,443,5
2020-04-04T14:00:00,WWW,Bahamas,24,0,0,0,24,3
2020-04-04T14:00:00,WWW,Bahrain,643,0,0,0,643,4
2020-04-04T14:00:00,WWW,Bangladesh,61,0,0,0,61,6
2020-04-04T14:00:00,WWW,Barbados,45,0,0,0,45,0
2020-04-04T14:00:00,WWW,Belarus,351,0,0,0,351,4
2020-04-04T14:00:00,WWW,Belgium,16770,0,0,0,16770,1143
2020-04-04T14:00:00,WWW,Belize,4,0,0,0,4,0
2020-04-04T14:00:00,WWW,Benin,16,0,0,0,16,0
2020-04-04T14:00:00,WWW,Bermuda,35,0,0,0,35,0
2020-04-04T14:00:00,WWW,Bhutan,5,0,0,0,5,0
2020-04-04T14:00:00,WWW,Bolivia,139,0,0,0,139,10
2020-04-04T14:00:00,WWW,"Bonaire, Saint Eustatius and Saba",2,0,0,0,2,0
2020-04-04T14:00:00,WWW,Bosnia and Herzegovina,586,0,0,0,586,18
2020-04-04T14:00:00,WWW,Botswana,4,0,0,0,4,1
2020-04-04T14:00:00,WWW,Brazil,9056,0,0,0,9056,359
2020-04-04T14:00:00,WWW,British Virgin Islands,3,0,0,0,3,0
2020-04-04T14:00:00,WWW,Brunei Darussalam,133,0,0,0,133,1
2020-04-04T14:00:00,WWW,Bulgaria,485,0,0,0,485,14
2020-04-04T14:00:00,WWW,Burkina Faso,288,0,0,0,288,16
2020-04-04T14:00:00,WWW,Burundi,3,0,0,0,3,0
2020-04-04T14:00:00,WWW,Cambodia,114,0,0,0,114,0
2020-04-04T14:00:00,WWW,Cameroon,509,0,0,0,509,8
2020-04-04T14:00:00,WWW,Canada,12519,0,0,0,12519,187
2020-04-04T14:00:00,WWW,Cape Verde,6,0,0,0,6,1
2020-04-04T14:00:00,WWW,Cases on an international conveyance Japan,696,0,0,0,696,7
2020-04-04T14:00:00,WWW,Cayman Islands,29,0,0,0,29,1
2020-04-04T14:00:00,WWW,Central African Republic,8,0,0,0,8,0
2020-04-04T14:00:00,WWW,Chad,7,0,0,0,7,0
2020-04-04T14:00:00,WWW,Chile,3737,0,0,0,3737,22
2020-04-04T14:00:00,WWW,China,82527,0,0,0,82527,3330
2020-04-04T14:00:00,WWW,Colombia,1267,0,0,0,1267,25
2020-04-04T14:00:00,WWW,Congo,41,0,0,0,41,3
2020-04-04T14:00:00,WWW,Costa Rica,416,0,0,0,416,2
2020-04-04T14:00:00,WWW,Cote dIvoire,218,0,0,0,218,1
2020-04-04T14:00:00,WWW,Croatia,1079,0,0,0,1079,8
2020-04-04T14:00:00,WWW,Cuba,269,0,0,0,269,6
2020-04-04T14:00:00,WWW,Curaçao,11,0,0,0,11,1
2020-04-04T14:00:00,WWW,Cyprus,396,0,0,0,396,11
2020-04-04T14:00:00,WWW,Czech Republic,4190,0,0,0,4190,53
2020-04-04T14:00:00,WWW,Democratic Republic of the Congo,134,0,0,0,134,13
2020-04-04T14:00:00,WWW,Denmark,3757,0,0,0,3757,139
2020-04-04T14:00:00,WWW,Djibouti,41,0,0,0,41,0
2020-04-04T14:00:00,WWW,Dominica,14,0,0,0,14,0
2020-04-04T14:00:00,WWW,Dominican Republic,1488,0,0,0,1488,68
2020-04-04T14:00:00,WWW,Ecuador,3368,0,0,0,3368,145
2020-04-04T14:00:00,WWW,Egypt,779,0,0,0,779,52
2020-04-04T14:00:00,WWW,El Salvador,56,0,0,0,56,3
2020-04-04T14:00:00,WWW,Equatorial Guinea,16,0,0,0,16,0
2020-04-04T14:00:00,WWW,Eritrea,22,0,0,0,22,0
2020-04-04T14:00:00,WWW,Estonia,961,0,0,0,961,12
2020-04-04T14:00:00,WWW,Eswatini,9,0,0,0,9,0
2020-04-04T14:00:00,WWW,Ethiopia,35,0,0,0,35,0
2020-04-04T14:00:00,WWW,Falkland Islands (Malvinas),1,0,0,0,1,0
2020-04-04T14:00:00,WWW,Faroe Islands,179,0,0,0,179,0
2020-04-04T14:00:00,WWW,Fiji,12,0,0,0,12,0
2020-04-04T14:00:00,WWW,Finland,1615,0,0,0,1615,20
2020-04-04T14:00:00,WWW,France,64338,0,0,0,64338,6507
2020-04-04T14:00:00,WWW,French Polynesia,39,0,0,0,39,0
2020-04-04T14:00:00,WWW,Gabon,21,0,0,0,21,1
2020-04-04T14:00:00,WWW,Gambia,4,0,0,0,4,1
2020-04-04T14:00:00,WWW,Georgia,148,0,0,0,148,0
2020-04-04T14:00:00,WWW,Germany,79696,0,0,0,79696,1017
2020-04-04T14:00:00,WWW,Ghana,205,0,0,0,205,5
2020-04-04T14:00:00,WWW,Gibraltar,95,0,0,0,95,1
2020-04-04T14:00:00,WWW,Greece,1613,0,0,0,1613,59
2020-04-04T14:00:00,WWW,Greenland,10,0,0,0,10,0
2020-04-04T14:00:00,WWW,Grenada,12,0,0,0,12,0
2020-04-04T14:00:00,WWW,Guam,87,0,0,0,87,4
2020-04-04T14:00:00,WWW,Guatemala,50,0,0,0,50,1
2020-04-04T14:00:00,WWW,Guernsey,114,0,0,0,114,2
2020-04-04T14:00:00,WWW,Guinea,52,0,0,0,52,0
2020-04-04T14:00:00,WWW,Guinea Bissau,15,0,0,0,15,0
2020-04-04T14:00:00,WWW,Guyana,23,0,0,0,23,4
2020-04-04T14:00:00,WWW,Haiti,18,0,0,0,18,0
2020-04-04T14:00:00,WWW,Holy See,7,0,0,0,7,0
2020-04-04T14:00:00,WWW,Honduras,264,0,0,0,264,15
2020-04-04T14:00:00,WWW,Hungary,678,0,0,0,678,32
2020-04-04T14:00:00,WWW,Iceland,1364,0,0,0,1364,4
2020-04-04T14:00:00,WWW,India,2902,0,0,0,2902,68
2020-04-04T14:00:00,WWW,Indonesia,1986,0,0,0,1986,181
2020-04-04T14:00:00,WWW,Iran,50468,0,0,0,50468,3160
2020-04-04T14:00:00,WWW,Iraq,772,0,0,0,772,54
2020-04-04T14:00:00,WWW,Ireland,4273,0,0,0,4273,120
2020-04-04T14:00:00,WWW,Isle of Man,114,0,0,0,114,1
2020-04-04T14:00:00,WWW,Israel,7428,0,0,0,7428,39
2020-04-04T14:00:00,WWW,Italy,119827,0,0,0,119827,14681
2020-04-04T14:00:00,WWW,Jamaica,53,0,0,0,53,3
2020-04-04T14:00:00,WWW,Japan,2935,0,0,0,2935,69
2020-04-04T14:00:00,WWW,Jersey,118,0,0,0,118,2
2020-04-04T14:00:00,WWW,Jordan,299,0,0,0,299,5
2020-04-04T14:00:00,WWW,Kazakhstan,460,0,0,0,460,3
2020-04-04T14:00:00,WWW,Kenya,122,0,0,0,122,4
2020-04-04T14:00:00,WWW,Kosovo,126,0,0,0,126,1
2020-04-04T14:00:00,WWW,Kuwait,342,0,0,0,342,0
2020-04-04T14:00:00,WWW,Kyrgyzstan,144,0,0,0,144,1
2020-04-04T14:00:00,WWW,Laos,10,0,0,0,10,0
2020-04-04T14:00:00,WWW,Latvia,493,0,0,0,493,1
2020-04-04T14:00:00,WWW,Lebanon,494,0,0,0,494,16
2020-04-04T14:00:00,WWW,Liberia,7,0,0,0,7,0
2020-04-04T14:00:00,WWW,Libya,11,0,0,0,11,1
2020-04-04T14:00:00,WWW,Liechtenstein,75,0,0,0,75,0
2020-04-04T14:00:00,WWW,Lithuania,771,0,0,0,771,9
2020-04-04T14:00:00,WWW,Luxembourg,2612,0,0,0,2612,31
2020-04-04T14:00:00,WWW,Madagascar,65,0,0,0,65,0
2020-04-04T14:00:00,WWW,Malawi,3,0,0,0,3,0
2020-04-04T14:00:00,WWW,Malaysia,3333,0,0,0,3333,53
2020-04-04T14:00:00,WWW,Maldives,19,0,0,0,19,0
2020-04-04T14:00:00,WWW,Mali,39,0,0,0,39,3
2020-04-04T14:00:00,WWW,Malta,202,0,0,0,202,0
2020-04-04T14:00:00,WWW,Mauritania,6,0,0,0,6,1
2020-04-04T14:00:00,WWW,Mauritius,186,0,0,0,186,7
2020-04-04T14:00:00,WWW,Mexico,1688,0,0,0,1688,60
2020-04-04T14:00:00,WWW,Moldova,591,0,0,0,591,8
2020-04-04T14:00:00,WWW,Monaco,64,0,0,0,64,0
2020-04-04T14:00:00,WWW,Mongolia,14,0,0,0,14,0
2020-04-04T14:00:00,WWW,Montenegro,174,0,0,0,174,2
2020-04-04T14:00:00,WWW,Montserrat,5,0,0,0,5,0
2020-04-04T14:00:00,WWW,Morocco,708,0,0,0,708,44
2020-04-04T14:00:00,WWW,Mozambique,10,0,0,0,10,0
2020-04-04T14:00:00,WWW,Myanmar,20,0,0,0,20,1
2020-04-04T14:00:00,WWW,Namibia,14,0,0,0,14,0
2020-04-04T14:00:00,WWW,Nepal,6,0,0,0,6,0
2020-04-04T14:00:00,WWW,Netherlands,15723,0,0,0,15723,1487
2020-04-04T14:00:00,WWW,Netherlands Antilles,22,0,0,0,22,0
2020-04-04T14:00:00,WWW,New Caledonia,18,0,0,0,18,0
2020-04-04T14:00:00,WWW,New Zealand,824,0,0,0,824,1
2020-04-04T14:00:00,WWW,Nicaragua,5,0,0,0,5,1
2020-04-04T14:00:00,WWW,Niger,98,0,0,0,98,5
2020-04-04T14:00:00,WWW,Nigeria,190,0,0,0,190,2
2020-04-04T14:00:00,WWW,North Macedonia,430,0,0,0,430,12
2020-04-04T14:00:00,WWW,Northern Mariana Islands,8,0,0,0,8,1
2020-04-04T14:00:00,WWW,Norway,5208,0,0,0,5208,44
2020-04-04T14:00:00,WWW,Oman,231,0,0,0,231,1
2020-04-04T14:00:00,WWW,Pakistan,2291,0,0,0,2291,31
2020-04-04T14:00:00,WWW,Palestine,155,0,0,0,155,1
2020-04-04T14:00:00,WWW,Panama,1673,0,0,0,1673,41
2020-04-04T14:00:00,WWW,Papua New Guinea,1,0,0,0,1,0
2020-04-04T14:00:00,WWW,Paraguay,96,0,0,0,96,3
2020-04-04T14:00:00,WWW,Peru,1595,0,0,0,1595,61
2020-04-04T14:00:00,WWW,Philippines,3018,0,0,0,3018,136
2020-04-04T14:00:00,WWW,Poland,3383,0,0,0,3383,71
2020-04-04T14:00:00,WWW,Portugal,9886,0,0,0,9886,246
2020-04-04T14:00:00,WWW,Puerto Rico,378,0,0,0,378,15
2020-04-04T14:00:00,WWW,Qatar,949,0,0,0,949,3
2020-04-04T14:00:00,WWW,Romania,3183,0,0,0,3183,133
2020-04-04T14:00:00,WWW,Russia,4149,0,0,0,4149,34
2020-04-04T14:00:00,WWW,Rwanda,89,0,0,0,89,0
2020-04-04T14:00:00,WWW,Saint Barthelemy,6,0,0,0,6,0
2020-04-04T14:00:00,WWW,Saint Kitts and Nevis,9,0,0,0,9,0
2020-04-04T14:00:00,WWW,Saint Lucia,13,0,0,0,13,0
2020-04-04T14:00:00,WWW,Saint Vincent and the Grenadines,7,0,0,0,7,0
2020-04-04T14:00:00,WWW,San Marino,251,0,0,0,251,32
2020-04-04T14:00:00,WWW,Saudi Arabia,1885,0,0,0,1885,21
2020-04-04T14:00:00,WWW,Senegal,207,0,0,0,207,1
2020-04-04T14:00:00,WWW,Serbia,1476,0,0,0,1476,39
2020-04-04T14:00:00,WWW,Seychelles,10,0,0,0,10,0
2020-04-04T14:00:00,WWW,Sierra Leone,2,0,0,0,2,0
2020-04-04T14:00:00,WWW,Singapore,1114,0,0,0,1114,5
2020-04-04T14:00:00,WWW,Sint Maarten,23,0,0,0,23,2
2020-04-04T14:00:00,WWW,Slovakia,450,0,0,0,450,0
2020-04-04T14:00:00,WWW,Slovenia,934,0,0,0,934,20
2020-04-04T14:00:00,WWW,Somalia,5,0,0,0,5,0
2020-04-04T14:00:00,WWW,South Africa,1505,0,0,0,1505,7
2020-04-04T14:00:00,WWW,South Korea,10156,0,0,0,10156,177
2020-04-04T14:00:00,WWW,South Sudan,1,0,0,0,1,0
2020-04-04T14:00:00,WWW,Spain,117710,0,0,0,117710,10935
2020-04-04T14:00:00,WWW,Sri Lanka,151,0,0,0,151,4
2020-04-04T14:00:00,WWW,Sudan,7,0,0,0,7,2
2020-04-04T14:00:00,WWW,Suriname,10,0,0,0,10,1
2020-04-04T14:00:00,WWW,Sweden,6078,0,0,0,6078,333
2020-04-04T14:00:00,WWW,Switzerland,19706,0,0,0,19706,607
2020-04-04T14:00:00,WWW,Syria,16,0,0,0,16,3
2020-04-04T14:00:00,WWW,Taiwan,355,0,0,0,355,5
2020-04-04T14:00:00,WWW,Thailand,1978,0,0,0,1978,19
2020-04-04T14:00:00,WWW,Timor Leste,1,0,0,0,1,0
2020-04-04T14:00:00,WWW,Togo,40,0,0,0,40,3
2020-04-04T14:00:00,WWW,Trinidad and Tobago,100,0,0,0,100,6
2020-04-04T14:00:00,WWW,Tunisia,455,0,0,0,455,13
2020-04-04T14:00:00,WWW,Turkey,20921,0,0,0,20921,425
2020-04-04T14:00:00,WWW,Turks and Caicos islands,5,0,0,0,5,0
2020-04-04T14:00:00,WWW,Uganda,48,0,0,0,48,0
2020-04-04T14:00:00,WWW,Ukraine,987,0,0,0,987,23
2020-04-04T14:00:00,WWW,United Arab Emirates,1024,0,0,0,1024,8
2020-04-04T14:00:00,WWW,United Kingdom,38168,0,0,0,38168,3605
2020-04-04T14:00:00,WWW,United Republic of Tanzania,21,0,0,0,21,1
2020-04-04T14:00:00,WWW,United States of America,277965,0,0,0,277965,7157
2020-04-04T14:00:00,WWW,United States Virgin Islands,40,0,0,0,40,0
2020-04-04T14:00:00,WWW,Uruguay,386,0,0,0,386,4
2020-04-04T14:00:00,WWW,Uzbekistan,227,0,0,0,227,2
2020-04-04T14:00:00,WWW,Venezuela,144,0,0,0,144,3
2020-04-04T14:00:00,WWW,Vietnam,239,0,0,0,239,0
2020-04-04T14:00:00,WWW,Zambia,39,0,0,0,39,1
2020-04-04T14:00:00,WWW,Zimbabwe,9,0,0,0,9,1
2020-04-04T14:00:00,FRA,Auvergne-Rhône-Alpes,2093,0,0,0,2093,0
2020-04-04T14:00:00,FRA,Bourgogne-Franche-Comté,1569,0,0,0,1569,0
2020-04-04T14:00:00,FRA,Bretagne,603,0,0,0,603,0
2020-04-04T14:00:00,FRA,Centre,16,0,0,0,16,0
2020-04-04T14:00:00,FRA,Centre-Val de Loire,561,0,0,0,561,0
2020-04-04T14:00:00,FRA,Corse,225,0,0,0,225,0
2020-04-04T14:00:00,FRA,Grand Est,5479,0,0,0,5479,0
2020-04-04T14:00:00,FRA,Grand-Est,250,0,0,0,250,0
2020-04-04T14:00:00,FRA,Guadeloupe,76,0,0,0,76,0
2020-04-04T14:00:00,FRA,"Guadeloupe, Saint-Martin, Saint-Barthélemy",3,0,0,0,3,0
2020-04-04T14:00:00,FRA,Guyane,28,0,0,0,28,0
2020-04-04T14:00:00,FRA,Hauts-de-France,1753,0,0,0,1753,0
2020-04-04T14:00:00,FRA,Ile-de-France,7660,0,0,0,7660,0
2020-04-04T14:00:00,FRA,La Réunion,94,0,0,0,94,0
2020-04-04T14:00:00,FRA,Martinique,66,0,0,0,66,0
2020-04-04T14:00:00,FRA,Mayotte,35,0,0,0,35,0
2020-04-04T14:00:00,FRA,Normandie,688,0,0,0,688,0
2020-04-04T14:00:00,FRA,NOT SPECIFIED,29155,0,0,0,29155,1696
2020-04-04T14:00:00,FRA,Nouvelle-Aquitaine,912,0,0,0,912,0
2020-04-04T14:00:00,FRA,Occitanie,1082,0,0,0,1082,0
2020-04-04T14:00:00,FRA,Pays de la Loire,368,0,0,0,368,0
2020-04-04T14:00:00,FRA,Provence-Alpes-Côte d'Azur,1927,0,0,0,1927,0
2020-04-04T14:00:00,FRA,Saint-Barthélemy,3,0,0,0,3,0
2020-04-04T14:00:00,FRA,Saint-Martin,11,0,0,0,11,0
2020-04-04T14:00:00,DEU,Baden-Württemberg,17014,0,0,0,17014,154
2020-04-04T14:00:00,DEU,Bayern,21908,0,0,0,21908,168
2020-04-04T14:00:00,DEU,Berlin,3471,0,0,0,3471,93
2020-04-04T14:00:00,DEU,Brandenburg,1211,0,0,0,1211,48
2020-04-04T14:00:00,DEU,Bremen,354,0,0,0,354,52
2020-04-04T14:00:00,DEU,Hamburg,2697,0,0,0,2697,146
2020-04-04T14:00:00,DEU,Hessen,4279,0,0,0,4279,68
2020-04-04T14:00:00,DEU,Mecklenburg-Vorpommern,501,0,0,0,501,31
2020-04-04T14:00:00,DEU,Niedersachsen,5571,0,0,0,5571,70
2020-04-04T14:00:00,DEU,Nordrhein-Westfalen,17885,0,0,0,17885,100
2020-04-04T14:00:00,DEU,Repatriierte,2,0,0,0,2,0
2020-04-04T14:00:00,DEU,Rheinland-Pfalz,3504,0,0,0,3504,86
2020-04-04T14:00:00,DEU,Saarland,1265,0,0,0,1265,128
2020-04-04T14:00:00,DEU,Sachsen,2591,0,0,0,2591,64
2020-04-04T14:00:00,DEU,Sachsen-Anhalt,896,0,0,0,896,41
2020-04-04T14:00:00,DEU,Schleswig Holstein,1559,0,0,0,1559,54
2020-04-04T14:00:00,DEU,Thüringen,1072,0,0,0,1072,50
2020-04-04T14:00:00,ITA,Abruzzo,1050,76,513,437,1563,146
2020-04-04T14:00:00,ITA,Basilicata,182,19,79,60,261,11
2020-04-04T14:00:00,ITA,Bolzano,1148,60,411,351,1559,139
2020-04-04T14:00:00,ITA,Calabria,516,17,217,200,733,45
2020-04-04T14:00:00,ITA,Campania,1915,115,762,647,2677,181
2020-04-04T14:00:00,ITA,Emilia-Romagna,11289,364,4643,4279,15932,1902
2020-04-04T14:00:00,ITA,Friuli Venezia Giulia,1556,61,323,262,1879,136
2020-04-04T14:00:00,ITA,Lazio,2030,188,1570,1382,3600,199
2020-04-04T14:00:00,ITA,Liguria,2472,173,1493,1320,3965,519
2020-04-04T14:00:00,ITA,Lombardia,32956,1381,14564,13183,47520,8311
2020-04-04T14:00:00,ITA,Marche,2932,158,1298,1140,4230,557
2020-04-04T14:00:00,ITA,Molise,129,8,47,39,176,11
2020-04-04T14:00:00,ITA,Piemonte,6692,452,4204,3752,10896,1043
2020-04-04T14:00:00,ITA,Puglia,1288,123,894,771,2182,164
2020-04-04T14:00:00,ITA,Sardegna,655,24,170,146,825,41
2020-04-04T14:00:00,ITA,Sicilia,1178,73,681,608,1859,101
2020-04-04T14:00:00,ITA,Toscana,3774,288,1725,1437,5499,290
2020-04-04T14:00:00,ITA,Trento,1606,80,503,423,2109,204
2020-04-04T14:00:00,ITA,Umbria,918,48,261,213,1179,39
2020-04-04T14:00:00,ITA,Valle d'Aosta,584,25,135,110,719,70
2020-04-04T14:00:00,ITA,Veneto,8080,335,2384,2049,10464,572
